[1.0, 4.0, 0.2, 1.0, 2.012, 0.37610636793332813, 1.9559999999999993, 0.38944062448594124, 2.0559999999999996, 0.42902680568934143, 9.82, 1.9098691054624661]
[1.0, 4.0, 0.2, 2.0, 4.972000000000001, 1.0862854136920004, 3.9799999999999995, 0.555337735076593, 3.939999999999999, 0.583438085832593, 19.42, 3.0005999400119987]
[1.0, 4.0, 0.2, 3.0, 9.033999999999995, 2.2451823979356327, 5.921999999999997, 0.6781710698636446, 6.078, 0.6620543784312587, 30.07, 3.3503880372279276]
[1.0, 4.0, 0.2, 4.0, 14.023999999999994, 3.283325143813814, 8.069999999999999, 0.6796322535018476, 8.093999999999998, 0.8449639045545083, 40.28, 4.204949464619047]
[1.0, 4.0, 0.2, 5.0, 20.922000000000008, 4.85163024147554, 9.966000000000003, 0.8904178794251609, 10.088000000000001, 0.8372908694115805, 50.18, 5.0603952414806495]
[1.0, 4.0, 0.2, 6.0, 29.984, 5.248137193328696, 11.922000000000002, 0.901063815720063, 11.992000000000003, 1.1450484705897825, 59.7, 4.7360320944858465]
[1.0, 4.0, 0.2, 7.0, 40.27200000000001, 6.301017060760904, 13.985999999999999, 1.0999109054828031, 14.096000000000004, 1.0328523611823714, 70.12, 5.163874514354506]
[1.0, 4.0, 0.2, 8.0, 50.893999999999984, 5.768012135909563, 16.286, 1.177541506699445, 16.242, 1.2760235107551903, 79.36, 5.094153511624872]
[1.0, 4.0, 0.2, 9.0, 58.912, 7.306617274772232, 18.088000000000008, 1.1002981414144077, 17.872, 1.47173910731488, 90.09, 6.132038812662555]
[1.0, 4.0, 0.2, 10.0, 63.67599999999997, 6.734792053211442, 20.072000000000003, 1.3459628523848641, 19.979999999999997, 1.2698031343479979, 98.68, 6.7362897799901695]
[1.0, 4.0, 0.2, 11.0, 69.83200000000001, 7.250805196666093, 22.052, 1.2485575677556886, 21.808000000000003, 1.2270028524824215, 110.06, 6.329012561213635]
[1.0, 4.0, 0.2, 12.0, 75.96600000000001, 8.68608335212137, 24.214000000000002, 1.397785391252892, 24.074000000000005, 1.4180705201082213, 119.52, 6.541376002035047]
[1.0, 4.0, 0.2, 13.0, 82.90599999999996, 9.479681640224005, 26.100000000000005, 1.2919752319607367, 25.971999999999994, 1.3807302415750875, 130.7, 6.924593850905624]
[1.0, 4.0, 0.2, 14.0, 92.99600000000002, 9.803427155847086, 28.096, 1.3249845282115569, 27.926, 1.319592361299504, 140.65, 8.846892109662013]
[1.0, 4.0, 0.2, 15.0, 103.30599999999997, 10.045395163954478, 30.072000000000003, 1.571373921127623, 29.906000000000013, 1.7219651564419067, 150.58, 7.691787828587056]
[1.0, 4.0, 0.2, 16.0, 111.66799999999995, 9.869517516069367, 31.95, 1.4967631743198386, 31.963999999999995, 1.7161305311659711, 161.9, 7.7607989279455]
[1.0, 4.0, 0.2, 17.0, 115.63600000000002, 11.641868578540132, 33.80000000000001, 1.7672577627499622, 33.89600000000001, 1.612570618608686, 171.69, 9.596556674140993]
[1.0, 4.0, 0.2, 18.0, 118.30599999999998, 12.35881725732685, 36.144, 1.6198962929768075, 36.224, 1.8644634616961524, 180.48, 8.338441101309046]
[1.0, 4.0, 0.2, 19.0, 126.64600000000002, 11.875987706292054, 37.99199999999999, 1.6579312410350435, 38.00200000000001, 2.0098746229553717, 190.43, 8.979148066492723]
[1.0, 4.0, 0.2, 20.0, 134.84199999999998, 12.665363634732321, 40.332, 2.0074301980392733, 40.13399999999999, 1.6745279931968884, 201.23, 9.116858011398445]
[1.0, 4.0, 0.2, 21.0, 146.012, 12.91296464798073, 42.259999999999984, 2.050658430846053, 42.2, 1.8152685751700763, 211.2, 9.596874491208064]
[1.0, 4.0, 0.2, 22.0, 151.84600000000003, 12.740356509925457, 44.596000000000004, 1.9794908436262093, 44.08799999999999, 2.0835200982951902, 219.71, 9.380079957015294]
[1.0, 4.0, 0.2, 23.0, 160.39600000000002, 13.298781297547533, 46.01000000000001, 2.1014994646680263, 46.28200000000001, 2.0131756008853268, 230.08, 9.01185885375487]
[1.0, 4.0, 0.2, 24.0, 163.33999999999995, 14.230319743421084, 48.461999999999996, 2.3473721477430876, 48.001999999999995, 1.9104962706061475, 239.98, 9.983967147381843]
[1.0, 4.0, 0.2, 25.0, 172.5440000000001, 15.46255037178537, 50.17800000000002, 2.035857558868006, 49.97799999999997, 2.184837751413134, 251.59, 9.668603828888637]
[1.0, 4.0, 0.2, 26.0, 177.16, 15.924999215070624, 52.312000000000005, 2.1185504478298367, 52.15200000000002, 1.9423943986739658, 259.52, 10.326160951679967]
[1.0, 4.0, 0.2, 27.0, 185.11999999999998, 15.342959297345475, 54.01599999999999, 2.298813607059085, 54.16999999999999, 1.8668422536465152, 269.11, 10.490848392765956]
[1.0, 4.0, 0.2, 28.0, 195.41800000000003, 15.730711236304607, 55.94800000000001, 2.0342310586558248, 56.154000000000025, 2.177127465262427, 278.83, 10.813006057521655]
[1.0, 4.0, 0.2, 29.0, 202.26999999999995, 18.452541830327874, 58.068000000000026, 2.245033630037644, 57.924000000000035, 2.039564659431026, 288.5, 11.347686988985906]
[1.0, 4.0, 0.2, 30.0, 207.61, 17.601872059528212, 59.98800000000003, 2.272587952093384, 59.621999999999986, 2.6015218622952245, 300.58, 11.39928067906041]
[1.0, 4.0, 0.2, 31.0, 214.32, 18.302174734167515, 62.32599999999999, 2.579093639246162, 62.343999999999994, 2.0676711537379444, 309.11, 10.50608871083811]
[1.0, 4.0, 0.2, 32.0, 220.91, 17.810207747244277, 64.536, 2.562323945171648, 63.956, 2.219834228044968, 320.75, 13.047126120337765]
[1.0, 4.0, 0.2, 33.0, 229.21999999999997, 19.533448236294582, 66.03399999999998, 2.502647398256495, 66.568, 2.360799864452727, 329.53, 12.934801892568746]
[1.0, 4.0, 0.2, 34.0, 234.71999999999997, 19.121066915839187, 68.644, 2.2365294543108543, 68.05200000000002, 2.4632693721962293, 341.05, 11.462438658505443]
[1.0, 4.0, 0.2, 35.0, 244.456, 16.12362440644163, 70.48800000000001, 2.5492461630842973, 70.23, 2.292662208001869, 349.57, 13.33810706209843]
[1.0, 4.0, 0.2, 36.0, 249.31799999999998, 16.658069395941414, 72.566, 2.6551165699456605, 72.242, 2.533029016809718, 360.66, 12.546091024697693]
[1.0, 4.0, 0.2, 37.0, 256.196, 18.094308055297393, 74.62799999999999, 2.5279272141420535, 74.108, 2.5412469380207834, 370.33, 12.567461955383036]
[1.0, 4.0, 0.2, 38.0, 263.39, 22.023285404316955, 77.51400000000001, 4.1684774198740735, 76.28800000000003, 2.1311630627429725, 381.16, 10.357335564709679]
[1.0, 4.0, 0.2, 39.0, 266.9919999999999, 17.477686803464582, 79.774, 4.671929365904413, 78.25599999999999, 2.459606472588651, 390.0, 13.432795688165587]
[1.0, 4.0, 0.2, 40.0, 279.49399999999997, 19.381567635255934, 84.50599999999999, 7.1749818118236375, 80.15599999999998, 2.80835610277614, 399.96, 12.540271129445328]
[1.0, 4.0, 0.2, 41.0, 283.232, 18.91995179697877, 88.04399999999998, 8.388019074847172, 82.84799999999997, 2.547331152402451, 408.94, 14.223796961430516]
[1.0, 4.0, 0.2, 42.0, 291.4219999999999, 19.706747981338776, 91.68799999999996, 8.351302652879971, 84.546, 2.750687913958982, 421.86, 13.927684660416462]
[1.0, 4.0, 0.2, 43.0, 301.394, 23.942221367283373, 94.64200000000002, 9.84119078160768, 86.19400000000003, 2.9037155508072767, 431.49, 13.92946158327737]
[1.0, 4.0, 0.2, 44.0, 309.19800000000004, 24.090404645833594, 98.00400000000002, 9.53041363215679, 87.96799999999999, 2.5739805749072766, 443.24, 13.831934065776911]
[1.0, 4.0, 0.2, 45.0, 315.7780000000001, 23.542674359553985, 99.20200000000003, 9.463170504645891, 90.27, 2.797481009765752, 451.52, 15.384069682629496]
[1.0, 4.0, 0.2, 46.0, 322.19399999999996, 24.74777493028413, 103.43600000000006, 10.421031810718171, 92.23200000000003, 2.6829416691385637, 462.65, 13.595127803739107]
[1.0, 4.0, 0.2, 47.0, 328.172, 25.316429764087978, 107.214, 10.925063111945857, 94.294, 3.230536178407539, 473.64, 12.744818555005013]
[1.0, 4.0, 0.2, 48.0, 338.35, 25.120149282995914, 111.932, 11.626425762030221, 96.28399999999999, 3.0579967298870683, 479.77, 14.351902312933987]
[1.0, 4.0, 0.2, 49.0, 343.39200000000017, 21.232878655519144, 115.346, 11.788735470778873, 98.16400000000002, 2.960591832725343, 495.7, 16.094408967091645]
[1.0, 4.0, 0.2, 50.0, 353.8660000000002, 29.41376623283731, 118.456, 11.663587098315853, 100.50999999999998, 2.946642156760812, 505.58, 15.136829258467568]
[1.0, 4.0, 0.2, 51.0, 354.3880000000001, 21.7450650953268, 122.80400000000002, 11.88811103582062, 101.88600000000001, 2.8596859967485955, 514.41, 13.092054842537136]
[1.0, 4.0, 0.2, 52.0, 360.534, 27.75412120748916, 129.48399999999995, 11.94749111738527, 104.61800000000001, 2.9265809402782637, 525.05, 16.033324670822328]
[1.0, 4.0, 0.2, 53.0, 374.33600000000007, 27.61137272936643, 135.79000000000005, 13.579907952559918, 106.28200000000001, 3.128462242060788, 530.16, 14.67018745619837]
[1.0, 4.0, 0.2, 54.0, 376.092, 24.147752193527253, 139.148, 14.540966130212949, 108.63600000000002, 2.822818449705898, 540.64, 15.925149920801378]
[1.0, 4.0, 0.2, 55.0, 380.77200000000016, 21.515669080927974, 143.36399999999998, 13.619732155956672, 110.05200000000002, 3.334140968825406, 548.45, 14.056582088118008]
[1.0, 4.0, 0.2, 56.0, 393.5180000000001, 26.530979552214063, 146.39399999999998, 12.420417223265893, 112.55799999999998, 2.9731189010868735, 560.16, 14.755148254084064]
[1.0, 4.0, 0.2, 57.0, 397.2239999999999, 19.701680740485067, 154.47999999999993, 14.456029883754395, 114.36000000000001, 3.0923130501293046, 570.95, 18.701537369959716]
[1.0, 4.0, 0.2, 58.0, 404.98400000000004, 25.34131298887256, 160.99799999999996, 14.801986218072223, 116.44000000000005, 2.94020407454993, 581.8, 15.077135006359798]
[1.0, 4.0, 0.2, 59.0, 412.7699999999999, 26.851076328519877, 166.92399999999998, 13.945831778707216, 118.39000000000001, 3.185011773918584, 591.28, 15.78105192945008]
[1.0, 4.0, 0.2, 60.0, 419.64999999999986, 24.16212532042661, 167.21599999999995, 14.029360070936953, 120.43599999999998, 3.60126422246411, 603.95, 16.758505303278092]
[1.0, 4.0, 0.2, 61.0, 430.0439999999998, 25.69013164621778, 176.58199999999997, 14.722121993788809, 122.52999999999999, 3.338188131307165, 610.46, 17.43583665901926]
[1.0, 4.0, 0.2, 62.0, 438.5159999999999, 29.229562843121677, 179.25200000000004, 12.604019041559715, 124.084, 3.2132450886914947, 619.1, 16.510905486980416]
[1.0, 4.0, 0.2, 63.0, 446.5440000000001, 26.92664227117819, 186.46799999999993, 13.177259806196432, 126.85199999999998, 3.1758614579354694, 632.14, 15.535134373413058]
[1.0, 4.0, 0.2, 64.0, 455.7039999999997, 31.611130697904503, 197.50200000000004, 13.482210352905787, 128.45400000000006, 3.0867270692434112, 643.22, 15.516172208376648]
[1.0, 4.0, 0.2, 65.0, 455.5059999999999, 28.23276755828236, 197.32199999999997, 14.720649306331568, 130.33400000000003, 3.6584209708561426, 652.27, 17.749284492621094]
[1.0, 4.0, 0.2, 66.0, 462.6440000000002, 23.658124693221147, 203.5280000000001, 14.132954963488709, 133.03, 3.2506460896258775, 663.28, 19.698263882890792]
[1.0, 4.0, 0.2, 67.0, 471.7019999999998, 31.49705376697953, 209.79599999999985, 13.489432308292297, 134.46599999999998, 3.2340754474810876, 671.63, 16.83606545485019]
[1.0, 4.0, 0.2, 68.0, 477.40800000000013, 30.58748659174206, 219.43200000000002, 14.312588025930182, 136.638, 3.7731360961407168, 683.78, 18.786473857539097]
[1.0, 4.0, 0.2, 69.0, 493.6120000000002, 34.412762981196394, 222.40399999999994, 14.016018835603782, 138.43800000000002, 3.4957911836950486, 691.54, 18.238651265924243]
[1.0, 4.0, 0.2, 70.0, 493.7359999999997, 40.9607605398142, 227.60800000000006, 15.25513474211225, 141.01199999999997, 3.002108592306413, 699.87, 18.701152370910194]
[1.0, 4.0, 0.2, 71.0, 505.2480000000001, 29.485930475397918, 232.49999999999991, 14.490562445950813, 142.28000000000003, 3.6105401257983596, 710.76, 19.841935389472464]
[1.0, 4.0, 0.2, 72.0, 506.0439999999998, 28.0788543925852, 237.94799999999998, 15.85301535986137, 144.78400000000002, 3.6869152417705466, 721.21, 18.09159749718083]
[1.0, 4.0, 0.2, 73.0, 516.4019999999998, 27.542904639852345, 243.0420000000001, 14.381551932945206, 146.13800000000003, 3.357581867951997, 734.44, 17.56662745093662]
[1.0, 4.0, 0.2, 74.0, 532.6799999999998, 37.90623167765428, 250.70599999999996, 14.188656173154671, 148.65599999999998, 3.670431037357875, 739.79, 15.752647396548927]
[1.0, 4.0, 0.2, 75.0, 533.5940000000002, 36.40569686189238, 256.42999999999995, 14.65281884143799, 150.27799999999996, 4.042464100026126, 755.04, 17.37004317783926]
[1.0, 4.0, 0.2, 76.0, 545.05, 38.758373288877834, 261.3539999999998, 14.178119903569723, 152.51999999999995, 3.31409112729267, 759.82, 17.104607566383976]
[1.0, 4.0, 0.2, 77.0, 544.9959999999999, 36.438561771837264, 269.52999999999986, 14.047672405064132, 154.466, 3.4159689694141018, 770.11, 16.752250595069306]
[1.0, 4.0, 0.2, 78.0, 548.6519999999999, 33.83318631166743, 273.14799999999997, 14.006216334185336, 155.91799999999992, 3.4605311731004575, 777.62, 20.216715855944553]
[1.0, 4.0, 0.2, 79.0, 560.0260000000002, 33.569386708726164, 280.20799999999986, 14.66429459605882, 158.24599999999995, 3.5144109036935336, 791.89, 17.20923879780858]
[1.0, 4.0, 0.2, 80.0, 574.4400000000002, 43.05401258884009, 281.49200000000013, 13.797664150137885, 160.74599999999998, 3.5503075923080205, 803.71, 18.678487626143593]
[1.0, 4.0, 0.2, 81.0, 569.4400000000003, 30.74730557300916, 291.4539999999999, 14.841478497777768, 162.628, 3.520911245686262, 815.89, 19.018882722179033]
[1.0, 4.0, 0.2, 82.0, 580.0680000000003, 30.206783608984267, 299.5660000000001, 15.901473013529278, 164.42399999999995, 4.265046775827911, 819.39, 18.74561015277976]
[1.0, 4.0, 0.2, 83.0, 588.83, 31.012324969276314, 306.2540000000001, 14.378897176070213, 166.67600000000004, 3.6460148107214274, 832.29, 20.068031791882326]
[1.0, 4.0, 0.2, 84.0, 598.9340000000003, 35.94798525647856, 310.17999999999995, 15.271398102334961, 168.00000000000003, 3.893789927564143, 846.21, 20.663153195966967]
[1.0, 4.0, 0.2, 85.0, 599.334, 37.756102076353194, 312.82400000000007, 14.430032016596495, 171.19800000000006, 4.140965587879238, 852.17, 18.235161090596375]
[1.0, 4.0, 0.2, 86.0, 612.036, 35.220600562738845, 325.0239999999999, 14.153565769798085, 172.67999999999992, 3.67652009378433, 861.56, 20.173903935530177]
[1.0, 4.0, 0.2, 87.0, 625.8060000000002, 36.276212095531704, 326.6820000000001, 14.719839537168886, 174.674, 3.992758945891925, 872.47, 19.553237583581907]
[1.0, 4.0, 0.2, 88.0, 622.744, 33.60195327655819, 331.99199999999996, 14.264274815075593, 176.28799999999998, 3.6674045318181014, 881.52, 17.96578971267336]
[1.0, 4.0, 0.2, 89.0, 631.7559999999997, 33.307735798159555, 338.80600000000004, 16.585450370731582, 178.10400000000004, 3.3408358235627214, 891.96, 20.122087366871266]
[1.0, 4.0, 0.2, 90.0, 640.0879999999999, 40.065799081011704, 341.77600000000007, 16.229264431883536, 179.99199999999996, 3.9844618206227005, 904.17, 18.919331383534672]
[1.0, 4.0, 0.2, 91.0, 641.95, 35.206855866436015, 351.7140000000001, 12.179827749192496, 183.37200000000004, 3.8165974375089826, 911.64, 20.88469295919861]
[1.0, 4.0, 0.2, 92.0, 658.9459999999999, 50.114044777886384, 355.728, 13.884970867812441, 183.82199999999995, 3.7926133470207555, 922.8, 21.0826943249671]
[1.0, 4.0, 0.2, 93.0, 662.516, 41.7249582863782, 359.8959999999999, 14.094636710465432, 186.50200000000004, 4.244761006228735, 932.35, 20.526750838844414]
[1.0, 4.0, 0.2, 94.0, 668.5780000000002, 36.455352364227664, 367.25, 15.382727326452876, 188.84000000000003, 4.02869705984454, 941.88, 23.146178950314887]
[1.0, 4.0, 0.2, 95.0, 675.7379999999998, 37.266882831811934, 372.6459999999999, 15.372309000277097, 190.13000000000002, 3.7270229406323785, 951.72, 21.264091798146474]
[1.0, 4.0, 0.2, 96.0, 687.5259999999997, 41.044304403899936, 377.57200000000006, 14.713558916863047, 192.828, 3.898411984385438, 962.6, 24.85799670126295]
[1.0, 4.0, 0.2, 97.0, 685.6420000000002, 35.69248991034389, 384.99999999999994, 16.99809401080016, 194.3320000000001, 3.9924148081079958, 971.33, 22.159447195270918]
[1.0, 4.0, 0.2, 98.0, 694.4220000000001, 39.837559111973704, 389.06399999999985, 15.62633367108227, 196.78, 4.2808877583977845, 980.54, 20.754960852769628]
[1.0, 4.0, 0.2, 99.0, 704.8399999999998, 50.40608693402018, 393.99600000000015, 16.616015888292843, 198.48600000000005, 4.277873770928729, 995.45, 23.256988197098952]
[1.0, 4.0, 0.2, 100.0, 713.2740000000002, 40.97987462157495, 398.85399999999987, 14.854840423242527, 199.67599999999996, 4.487830656341659, 1005.61, 22.597298511105258]
[2.0, 3.0, 0.2, 1.0, 1.9439999999999997, 0.3980753697479912, 2.014000000000001, 0.39421314031878774, 1.9619999999999993, 0.4249188157754373, 10.07, 1.866842253646515]
[2.0, 3.0, 0.2, 2.0, 4.07, 0.5588380803059146, 4.026000000000002, 0.5401148026114445, 3.988000000000002, 0.5992128169523746, 20.11, 2.792472023136488]
[2.0, 3.0, 0.2, 3.0, 6.278000000000004, 0.9874796200428648, 5.984000000000001, 0.6576807736280575, 5.896000000000002, 0.6193415858797148, 29.97, 3.359925594414255]
[2.0, 3.0, 0.2, 4.0, 8.979999999999997, 1.3101144988129858, 8.090000000000002, 0.6941901756723442, 7.944000000000002, 0.8395617904597612, 39.03, 4.102328607023087]
[2.0, 3.0, 0.2, 5.0, 10.989999999999995, 1.6912421470623307, 9.791999999999998, 0.8772320103598591, 9.789999999999997, 0.9257969539807318, 49.81, 4.983362318756282]
[2.0, 3.0, 0.2, 6.0, 14.384, 2.805947968156216, 11.958000000000002, 1.0250053658396132, 11.956, 1.1553631463743337, 59.46, 5.5324858788794025]
[2.0, 3.0, 0.2, 7.0, 16.79, 2.8719853760073364, 13.964000000000004, 1.0827298832118744, 13.914000000000001, 1.0860036832350062, 70.76, 5.418708333173137]
[2.0, 3.0, 0.2, 8.0, 20.284, 3.5417713082580584, 15.889999999999986, 1.1994582110269623, 15.971999999999998, 1.2116171012328942, 79.85, 5.60066960282429]
[2.0, 3.0, 0.2, 9.0, 24.22, 5.9232085899451485, 17.838, 1.2935826220230389, 18.018, 1.069988784987955, 89.07, 5.692547760010448]
[2.0, 3.0, 0.2, 10.0, 26.704000000000004, 5.60645913210825, 19.88, 1.2106196760337244, 19.803999999999988, 1.277178139493469, 101.05, 6.641347754785922]
[2.0, 3.0, 0.2, 11.0, 33.460000000000015, 8.076707249863649, 21.94400000000001, 1.3157750567631237, 22.06200000000001, 1.3976251285663124, 110.08, 7.05362318245028]
[2.0, 3.0, 0.2, 12.0, 40.088, 8.949159513607965, 23.964000000000013, 1.4072327454973466, 23.96400000000001, 1.4564010436689483, 121.23, 8.21444459473676]
[2.0, 3.0, 0.2, 13.0, 46.04800000000001, 8.997827293296977, 26.17600000000001, 1.458294894731515, 26.050000000000004, 1.6888753654429338, 129.29, 7.834915443066378]
[2.0, 3.0, 0.2, 14.0, 52.902000000000044, 8.021396137830372, 28.064000000000007, 1.4832073354726913, 27.922000000000004, 1.5874243289051608, 141.15, 7.4971661312792035]
[2.0, 3.0, 0.2, 15.0, 61.97, 8.044097214728327, 30.002, 1.7291604899488076, 30.206, 1.597111142031136, 151.51, 7.659627928300438]
[2.0, 3.0, 0.2, 16.0, 66.08999999999997, 7.99026282421298, 31.926000000000002, 1.683960807144869, 32.00000000000001, 1.5221038072352358, 161.59, 8.180580663987122]
[2.0, 3.0, 0.2, 17.0, 68.82399999999998, 8.268846594295965, 34.256, 1.7424304864183253, 34.20600000000001, 1.739299859138728, 171.16, 8.650687833923962]
[2.0, 3.0, 0.2, 18.0, 72.31200000000001, 8.905293706554547, 36.07400000000001, 1.8632562894030444, 36.422, 1.5496825481368746, 180.75, 8.367048464064254]
[2.0, 3.0, 0.2, 19.0, 76.892, 9.361855371666453, 37.70600000000002, 1.681774063303391, 38.04600000000001, 1.8380108813606082, 191.29, 9.661568195691629]
[2.0, 3.0, 0.2, 20.0, 83.53599999999999, 8.183587477384227, 40.42, 2.0518284528683193, 40.210000000000015, 1.9451221041363962, 200.7, 8.84816365128946]
[2.0, 3.0, 0.2, 21.0, 92.524, 9.038972507978995, 42.387999999999984, 2.0594795459047424, 42.33399999999999, 1.8135170250096906, 210.63, 9.492792002356316]
[2.0, 3.0, 0.2, 22.0, 101.14800000000001, 9.644754843955342, 44.098, 1.949255242393874, 44.219999999999985, 1.8947295321496422, 221.9, 9.087904048789248]
[2.0, 3.0, 0.2, 23.0, 106.87799999999997, 10.357485988404713, 46.044, 1.8191382575274484, 45.73199999999999, 1.8495880622452125, 231.01, 10.479976145011019]
[2.0, 3.0, 0.2, 24.0, 106.84800000000008, 10.425281578931095, 48.34400000000003, 2.039035065907401, 48.13600000000001, 2.1188449683731005, 241.12, 10.885109094538278]
[2.0, 3.0, 0.2, 25.0, 110.30200000000002, 10.641409493107572, 49.89199999999999, 2.1597073875874937, 49.946, 2.1708717143120206, 250.65, 10.416693333299202]
[2.0, 3.0, 0.2, 26.0, 115.61000000000001, 10.05275584106169, 52.64200000000001, 2.398048373156805, 51.86, 2.2721795703685057, 259.81, 10.446717187710215]
[2.0, 3.0, 0.2, 27.0, 120.25800000000005, 11.006990324334806, 53.99, 2.1578461483618327, 54.08600000000001, 1.9068833210241256, 271.17, 11.310221041164493]
[2.0, 3.0, 0.2, 28.0, 127.75799999999998, 9.621238797576952, 56.22999999999998, 2.2075099093775323, 56.396, 2.3431568449423112, 281.34, 10.07096817590047]
[2.0, 3.0, 0.2, 29.0, 133.09800000000004, 12.238545501815162, 58.50200000000001, 2.20299704947601, 58.32800000000001, 2.453816619065085, 290.47, 11.170904171104509]
[2.0, 3.0, 0.2, 30.0, 139.79, 10.430316390215593, 60.049999999999976, 2.076222531425763, 60.32799999999998, 2.1364493909287905, 301.02, 10.984516375334877]
[2.0, 3.0, 0.2, 31.0, 143.158, 9.302098472925344, 62.03799999999998, 2.2456526890861825, 62.336000000000006, 2.396811214927032, 310.53, 12.729850745393676]
[2.0, 3.0, 0.2, 32.0, 148.63, 11.779554320941008, 63.81400000000001, 2.0787024799138525, 63.952, 2.5323696412648777, 320.13, 11.838627454227957]
[2.0, 3.0, 0.2, 33.0, 151.49200000000008, 10.504453150926041, 66.37400000000001, 2.5866820446278296, 65.94599999999997, 2.4240222771253555, 332.21, 11.963523728400428]
[2.0, 3.0, 0.2, 34.0, 156.41000000000003, 11.689940119607112, 68.22400000000002, 2.2657943419472124, 68.19600000000003, 2.248907290218965, 338.75, 12.458230211390381]
[2.0, 3.0, 0.2, 35.0, 161.39200000000002, 10.457530109925578, 70.06799999999997, 2.421606078618074, 69.836, 2.462905601114262, 351.66, 12.647703348829777]
[2.0, 3.0, 0.2, 36.0, 169.266, 12.52571930070286, 72.96199999999999, 3.803440021874935, 72.322, 2.482401256847894, 361.14, 12.24338188573729]
[2.0, 3.0, 0.2, 37.0, 172.93600000000006, 11.483514444628874, 74.36999999999998, 2.442682951182982, 74.12, 2.630285155643777, 371.15, 13.465047344885201]
[2.0, 3.0, 0.2, 38.0, 182.06199999999998, 12.206545621100185, 76.14199999999998, 3.0438521646098393, 76.26400000000001, 2.7030175730098405, 380.57, 13.033230604880744]
[2.0, 3.0, 0.2, 39.0, 184.3939999999999, 11.940132495077261, 79.63999999999999, 4.042969205917852, 78.12599999999996, 2.8497936767422343, 390.46, 13.493272397754371]
[2.0, 3.0, 0.2, 40.0, 188.97999999999996, 12.021996506404417, 81.52000000000002, 4.8571596638364705, 79.88000000000002, 2.7524534510142034, 400.35, 12.885941952375854]
[2.0, 3.0, 0.2, 41.0, 194.03000000000003, 13.487516450407018, 86.546, 6.513300545806251, 82.05200000000002, 2.6879910714137467, 410.22, 13.90077695670281]
[2.0, 3.0, 0.2, 42.0, 195.722, 11.948452452096053, 89.39800000000002, 7.536072982661462, 84.1, 2.444340401826228, 422.03, 15.832532962226857]
[2.0, 3.0, 0.2, 43.0, 203.81399999999994, 13.468934775994722, 92.13199999999999, 7.643832546569815, 85.78, 2.9682991762960818, 430.62, 13.006752092663257]
[2.0, 3.0, 0.2, 44.0, 209.45, 11.646780671069573, 94.94799999999998, 7.369429828690956, 88.626, 2.6832301429433922, 441.69, 13.619614531990251]
[2.0, 3.0, 0.2, 45.0, 216.22800000000004, 14.255638042543032, 98.65000000000002, 9.915215580107168, 90.22799999999998, 2.7384696456232667, 451.33, 15.407825933596214]
[2.0, 3.0, 0.2, 46.0, 219.63400000000001, 12.843895203558777, 100.36800000000002, 8.985798573304434, 92.29000000000002, 2.8325783307792185, 460.94, 13.82593215663957]
[2.0, 3.0, 0.2, 47.0, 226.96199999999993, 12.659342636961844, 105.06399999999996, 8.12644473309208, 94.19000000000004, 2.78558790922132, 472.61, 13.676180022213801]
[2.0, 3.0, 0.2, 48.0, 225.31400000000002, 12.253105891976933, 106.92399999999998, 9.347418039223458, 96.304, 2.6746932534404793, 481.46, 14.805012664634907]
[2.0, 3.0, 0.2, 49.0, 233.474, 12.201759053513552, 112.75400000000003, 9.963929144669786, 98.18800000000002, 3.134047861791525, 490.37, 13.962560653404521]
[2.0, 3.0, 0.2, 50.0, 238.25599999999997, 13.803335249134541, 116.38999999999996, 10.021152628315768, 100.28599999999997, 3.0199675494945315, 499.77, 14.888153008348622]
[2.0, 3.0, 0.2, 51.0, 246.35800000000006, 14.2060351963523, 121.28399999999999, 10.443263091582054, 102.57399999999998, 2.4794604251731864, 509.1, 16.015305179733545]
[2.0, 3.0, 0.2, 52.0, 249.056, 11.645911900748692, 124.358, 11.156354063940423, 104.08600000000003, 3.115799094935359, 520.23, 15.084995856810833]
[2.0, 3.0, 0.2, 53.0, 256.2459999999999, 13.203449700741093, 126.84599999999999, 10.703937780088225, 106.13600000000002, 2.9766934675911805, 532.35, 15.182473448025528]
[2.0, 3.0, 0.2, 54.0, 259.922, 14.615523117562365, 134.472, 10.783821956987232, 109.11599999999999, 3.1455594097075967, 543.85, 13.226772092993812]
[2.0, 3.0, 0.2, 55.0, 265.0280000000001, 12.396193609330245, 137.344, 11.479131674477829, 109.93800000000003, 3.1293059933474074, 551.81, 17.667311623447404]
[2.0, 3.0, 0.2, 56.0, 272.0559999999999, 14.835365314005582, 139.69400000000005, 11.41460310304305, 111.88599999999992, 3.276736791382553, 560.47, 14.886540901095861]
[2.0, 3.0, 0.2, 57.0, 273.1039999999999, 13.59839637604376, 144.2, 12.406256486144402, 114.57400000000005, 2.780310054652181, 572.56, 18.082765275255888]
[2.0, 3.0, 0.2, 58.0, 280.12799999999993, 17.22132445545348, 151.41199999999998, 12.378556297080852, 116.06400000000002, 3.2320742565727048, 582.18, 15.76158621459147]
[2.0, 3.0, 0.2, 59.0, 285.6, 13.597205595268466, 153.98, 11.371455491712576, 117.79400000000001, 3.6628355136424062, 591.77, 14.914995809587076]
[2.0, 3.0, 0.2, 60.0, 291.14000000000004, 15.874470069895242, 160.44200000000004, 11.892461309586002, 120.42399999999998, 3.2474334481248444, 601.03, 16.67300512805055]
[2.0, 3.0, 0.2, 61.0, 294.97, 13.735337636913043, 164.77599999999995, 11.740128789753546, 122.00599999999999, 3.396051236362608, 610.53, 16.94075263971468]
[2.0, 3.0, 0.2, 62.0, 299.894, 12.900742769313712, 168.06199999999998, 13.106904897801009, 124.10400000000003, 3.1271047312170444, 625.18, 15.944516298715365]
[2.0, 3.0, 0.2, 63.0, 304.12399999999997, 14.887116040388745, 170.00800000000004, 11.145148540957178, 126.14799999999994, 3.4079460089619977, 631.54, 15.698675103332759]
[2.0, 3.0, 0.2, 64.0, 309.59999999999997, 14.07013859206795, 176.218, 12.328279523112705, 128.11199999999997, 3.4734789476834305, 641.59, 14.602804525158858]
[2.0, 3.0, 0.2, 65.0, 314.68199999999985, 14.780530301717867, 182.50799999999998, 12.400271609928556, 130.29399999999998, 3.0637826293652095, 653.68, 15.279973821967106]
[2.0, 3.0, 0.2, 66.0, 319.15200000000004, 13.269487405322032, 188.88200000000003, 11.82725986862553, 132.44799999999992, 3.7332152362273483, 663.08, 17.13574042753916]
[2.0, 3.0, 0.2, 67.0, 323.26000000000005, 13.582856842358309, 193.12799999999987, 12.327676828989313, 133.976, 3.0769179384572505, 671.07, 16.760223745523213]
[2.0, 3.0, 0.2, 68.0, 327.01400000000007, 12.6127001074314, 197.03200000000007, 11.290800503064427, 135.75599999999997, 2.9444972406168084, 684.48, 17.406596450771183]
[2.0, 3.0, 0.2, 69.0, 335.024, 15.48798966941804, 200.312, 12.768063909614495, 138.08, 3.383962174729504, 692.97, 17.922865284323258]
[2.0, 3.0, 0.2, 70.0, 338.45000000000005, 16.320695450868506, 204.94800000000004, 13.143960438163228, 139.84799999999993, 3.487018210448575, 701.06, 17.51103651986369]
[2.0, 3.0, 0.2, 71.0, 345.74, 15.950786814449001, 214.56400000000002, 12.835587403777051, 142.47199999999998, 3.444011614382274, 711.28, 16.644566681052414]
[2.0, 3.0, 0.2, 72.0, 349.92000000000013, 14.042392958466873, 217.45199999999994, 12.80108182928303, 144.35600000000002, 3.7523944355571244, 722.88, 18.71858969046546]
[2.0, 3.0, 0.2, 73.0, 356.38199999999983, 17.571888800012363, 218.12800000000004, 10.90205558598928, 146.29200000000003, 3.6074833332948284, 736.61, 15.497028747472852]
[2.0, 3.0, 0.2, 74.0, 359.376, 14.274264394356727, 227.3340000000001, 12.553248344552102, 148.048, 3.5814097782856416, 743.35, 16.35198764676637]
[2.0, 3.0, 0.2, 75.0, 366.73199999999997, 12.379183171760564, 233.19799999999995, 13.676534502570462, 151.37, 4.258391715190135, 756.21, 17.841689942379336]
[2.0, 3.0, 0.2, 76.0, 370.6119999999999, 14.645758976577484, 235.67400000000006, 12.688818857561175, 152.09399999999994, 3.3254719965743216, 764.29, 17.748968984141015]
[2.0, 3.0, 0.2, 77.0, 377.332, 19.417748994154802, 240.22799999999995, 10.88220639392582, 154.88599999999997, 3.756940776749082, 772.81, 18.487127954336223]
[2.0, 3.0, 0.2, 78.0, 379.9919999999999, 15.505661417688701, 244.49800000000002, 13.048601304354433, 156.78400000000002, 3.9341255699329194, 782.57, 18.594222220894316]
[2.0, 3.0, 0.2, 79.0, 382.88200000000006, 14.43022092692972, 250.03199999999998, 11.326419381251958, 158.83600000000004, 3.77246656711494, 794.76, 20.604912035725842]
[2.0, 3.0, 0.2, 80.0, 389.3619999999999, 15.467247848276052, 252.662, 12.799552960943604, 160.252, 4.104789397764521, 807.06, 18.331295644334578]
[2.0, 3.0, 0.2, 81.0, 398.80400000000014, 19.508889871030586, 261.67199999999997, 12.594872607533595, 162.528, 3.714783439179199, 815.24, 19.107652917090576]
[2.0, 3.0, 0.2, 82.0, 399.462, 16.12517770444715, 268.488, 14.100562258293108, 165.188, 4.053523899029086, 827.68, 19.1284500156181]
[2.0, 3.0, 0.2, 83.0, 405.236, 15.616667506225525, 273.3179999999999, 10.648120773169312, 165.87599999999998, 3.67072526893529, 833.9, 18.86027571378531]
[2.0, 3.0, 0.2, 84.0, 410.7099999999999, 15.890333539608282, 276.2159999999999, 14.046826830284484, 168.74399999999994, 3.906720363681019, 843.76, 20.983383902507242]
[2.0, 3.0, 0.2, 85.0, 414.996, 13.6087612955772, 277.06600000000014, 12.936523644318054, 170.20400000000006, 4.045637650605897, 854.12, 21.01964795138111]
[2.0, 3.0, 0.2, 86.0, 421.60200000000003, 15.860529499357838, 286.18999999999994, 13.9665708031714, 172.90800000000007, 4.088659438006559, 863.42, 18.587189136606966]
[2.0, 3.0, 0.2, 87.0, 425.38800000000003, 15.815962063687431, 290.50199999999995, 12.932176769592965, 174.49200000000005, 4.12120564883627, 873.82, 20.52480450576814]
[2.0, 3.0, 0.2, 88.0, 432.95200000000006, 15.314623599684062, 293.8940000000002, 12.805637977078693, 176.74400000000003, 3.929995419844664, 881.87, 18.41882460962154]
[2.0, 3.0, 0.2, 89.0, 435.0880000000001, 13.2043120229719, 300.242, 12.451933022627458, 179.12599999999998, 4.05518482932652, 893.57, 21.17085496620295]
[2.0, 3.0, 0.2, 90.0, 437.94199999999984, 18.35699964591163, 305.6040000000001, 12.560031210152308, 180.75999999999988, 4.002599155548803, 900.35, 19.14804167532544]
[2.0, 3.0, 0.2, 91.0, 443.4020000000001, 16.44198272715307, 310.4520000000001, 11.669845585953567, 182.676, 4.287356294967797, 911.47, 20.4320605911396]
[2.0, 3.0, 0.2, 92.0, 451.06600000000014, 15.292587877792299, 316.66599999999994, 13.003570432769619, 184.6180000000001, 3.639241129686243, 919.49, 20.540445467418667]
[2.0, 3.0, 0.2, 93.0, 456.59799999999996, 15.923604993844835, 318.2160000000001, 11.277789854399655, 186.40599999999998, 4.221133023253357, 930.05, 19.99768736629313]
[2.0, 3.0, 0.2, 94.0, 460.9440000000002, 16.20777788594107, 321.71600000000007, 12.765866363079315, 188.3360000000001, 4.034538883193476, 944.24, 21.3209380656668]
[2.0, 3.0, 0.2, 95.0, 464.5939999999998, 16.46898794704761, 327.486, 13.289883520934257, 190.6040000000001, 4.117181560242401, 951.29, 20.89750942098124]
[2.0, 3.0, 0.2, 96.0, 472.5179999999998, 17.28534859353435, 334.1039999999999, 12.635647351837585, 193.29199999999997, 4.527906359455762, 960.72, 20.48515560106879]
[2.0, 3.0, 0.2, 97.0, 477.3939999999998, 18.507586660610297, 340.144, 13.22346641391734, 194.18000000000004, 4.049740732442019, 971.03, 20.628356696547595]
[2.0, 3.0, 0.2, 98.0, 478.75799999999964, 14.784946263006836, 344.0320000000001, 12.792113820631814, 196.04799999999992, 4.174505479694573, 976.22, 20.478564402809102]
[2.0, 3.0, 0.2, 99.0, 484.92599999999993, 17.174275064758916, 348.07800000000003, 14.0131336966433, 199.1680000000001, 4.464412167351924, 992.34, 17.99567725871966]
[2.0, 3.0, 0.2, 100.0, 489.9799999999999, 15.600499991987439, 349.75199999999995, 14.182274006660567, 200.53600000000006, 4.162968171869691, 1007.14, 19.72917636395397]
[3.0, 2.0, 0.2, 1.0, 1.9779999999999995, 0.3804155622473929, 2.075999999999999, 0.40868569830616774, 2.012, 0.395797928241167, 10.08, 2.115088650624366]
[3.0, 2.0, 0.2, 2.0, 4.062000000000001, 0.533437906414608, 3.9999999999999987, 0.586515131944607, 4.038000000000001, 0.6017939846824658, 19.83, 2.8637562745457235]
[3.0, 2.0, 0.2, 3.0, 6.012, 0.5918242982507563, 5.9659999999999975, 0.7510286279496945, 5.96, 0.6852736679604726, 30.49, 3.565094669149755]
[3.0, 2.0, 0.2, 4.0, 8.094, 0.8190018314997844, 7.8679999999999986, 0.7387665395779646, 7.994, 0.8609088221176504, 40.07, 4.13824842173594]
[3.0, 2.0, 0.2, 5.0, 10.267999999999999, 1.183290327857031, 9.98, 0.8674099376880576, 10.149999999999999, 0.7722046360907191, 50.42, 4.386752785375533]
[3.0, 2.0, 0.2, 6.0, 12.374, 1.3794651137306808, 12.126, 1.0687020164667043, 12.132, 1.0462198621704715, 59.69, 4.77010482065122]
[3.0, 2.0, 0.2, 7.0, 14.196000000000002, 1.2553820135719647, 14.112, 0.9985269150103065, 13.942, 1.1528382367010557, 69.15, 5.8247317534801555]
[3.0, 2.0, 0.2, 8.0, 16.715999999999998, 1.5326265037509963, 15.982000000000001, 1.210651064510332, 16.18399999999999, 1.0543927162115643, 79.6, 6.061352984276697]
[3.0, 2.0, 0.2, 9.0, 18.727999999999994, 1.6110915554368725, 17.986, 1.2439469442062228, 18.05, 1.1941105476462381, 90.26, 7.279587900424034]
[3.0, 2.0, 0.2, 10.0, 21.147999999999993, 1.945378112347315, 20.026, 1.3012778335159638, 19.919999999999998, 1.177794549146837, 100.66, 6.629057248206565]
[3.0, 2.0, 0.2, 11.0, 23.044000000000004, 2.1394541359888977, 21.764, 1.5764212634952626, 22.002000000000002, 1.3947028357324012, 110.42, 6.381504524796642]
[3.0, 2.0, 0.2, 12.0, 25.22600000000001, 2.310611174559666, 24.296000000000006, 1.352769012063774, 23.816000000000003, 1.4882687929268694, 119.3, 7.491995728776145]
[3.0, 2.0, 0.2, 13.0, 27.729999999999997, 2.7860186646898115, 25.95400000000001, 1.5346282937571558, 26.288000000000007, 1.4854817400426032, 128.91, 7.435179890224581]
[3.0, 2.0, 0.2, 14.0, 29.657999999999994, 2.641862221994175, 28.167999999999996, 1.513597040166239, 27.81, 1.7799719098907145, 141.92, 8.059379628730737]
[3.0, 2.0, 0.2, 15.0, 31.827999999999996, 3.072200514289392, 30.01600000000001, 1.630381550435358, 30.10199999999998, 1.8287689848638622, 149.17, 8.481809948354183]
[3.0, 2.0, 0.2, 16.0, 33.6, 2.4983194351403513, 32.046, 1.7733256892065825, 32.149999999999984, 1.4174272468102205, 160.48, 8.623781073287981]
[3.0, 2.0, 0.2, 17.0, 36.279999999999994, 3.2902279556286063, 34.12399999999998, 1.8116909228673639, 34.237999999999985, 1.708729352472181, 170.55, 7.7953511787475005]
[3.0, 2.0, 0.2, 18.0, 38.86799999999998, 4.096947156115147, 36.17800000000002, 1.747431257589266, 35.80199999999999, 1.903364389705765, 179.91, 8.647652860747822]
[3.0, 2.0, 0.2, 19.0, 46.32800000000001, 6.305649530381465, 38.01599999999999, 1.907391936650672, 38.06000000000001, 1.8841443681416776, 190.32, 9.104811914586707]
[3.0, 2.0, 0.2, 20.0, 54.859999999999985, 8.402404417784235, 40.22599999999999, 1.914085682512671, 40.382000000000005, 1.8068967873124346, 201.09, 9.588633896442182]
[3.0, 2.0, 0.2, 21.0, 60.09799999999999, 8.433148640928843, 41.916000000000004, 1.9252386865009747, 42.526, 1.7537742157986018, 209.32, 10.912268325146702]
[3.0, 2.0, 0.2, 22.0, 63.06200000000003, 5.381947231253758, 44.565999999999995, 1.678822206190995, 43.861999999999995, 1.9178519233767752, 221.19, 8.869830889030522]
[3.0, 2.0, 0.2, 23.0, 67.364, 4.783921404036653, 46.447999999999986, 2.0345259890205396, 45.85599999999999, 1.9665360408596637, 230.28, 10.546165179817738]
[3.0, 2.0, 0.2, 24.0, 69.41800000000002, 4.549909449648423, 48.378, 2.3489393351042502, 48.33000000000002, 1.718458611663371, 241.05, 9.89886357113785]
[3.0, 2.0, 0.2, 25.0, 71.868, 4.995375461364242, 50.54400000000001, 2.022291769255861, 50.236000000000004, 2.2350624152358725, 249.26, 10.851377792704483]
[3.0, 2.0, 0.2, 26.0, 73.64800000000002, 4.258085954980243, 52.292, 2.0247310932565825, 52.46199999999999, 2.103653013212967, 259.5, 11.003181358134563]
[3.0, 2.0, 0.2, 27.0, 79.97399999999999, 6.104598594502348, 54.182000000000016, 2.5314177845626364, 54.31999999999999, 2.405493712317702, 272.23, 11.579166636679858]
[3.0, 2.0, 0.2, 28.0, 86.04599999999996, 6.911605023437033, 56.203999999999986, 2.1458760448823697, 56.31199999999999, 2.389697888855409, 282.11, 11.144411155372904]
[3.0, 2.0, 0.2, 29.0, 91.88200000000002, 8.651339549457065, 58.078, 2.3404093659016154, 58.30199999999999, 2.178530697511514, 291.37, 10.985130859484563]
[3.0, 2.0, 0.2, 30.0, 95.99199999999998, 6.661886819813136, 60.647999999999996, 2.231612869652799, 60.275999999999996, 2.33508543740909, 303.49, 12.073520613309116]
[3.0, 2.0, 0.2, 31.0, 99.38, 5.372857712614394, 61.898, 2.458372632454244, 62.304, 2.1645285860898205, 309.01, 11.168254116020105]
[3.0, 2.0, 0.2, 32.0, 100.55, 4.5238368670852855, 64.05599999999997, 2.415463516594692, 63.84599999999998, 2.4759410332235308, 321.85, 12.244488556081057]
[3.0, 2.0, 0.2, 33.0, 103.41200000000006, 7.190594968429246, 66.24, 2.302172886644269, 66.10200000000002, 2.2806130754689633, 329.75, 12.495899327379362]
[3.0, 2.0, 0.2, 34.0, 105.13, 6.047040598507671, 68.34799999999998, 2.4345217189419377, 68.43800000000005, 2.6479720542332026, 340.08, 12.736310297727519]
[3.0, 2.0, 0.2, 35.0, 111.76599999999996, 7.085876374874176, 70.49200000000005, 2.925531746537713, 70.64999999999999, 2.6485278930001854, 349.26, 11.578100016842145]
[3.0, 2.0, 0.2, 36.0, 118.87, 8.423033895218516, 72.374, 2.6047118842589865, 72.34399999999997, 2.446398168737052, 358.61, 12.034030912375119]
[3.0, 2.0, 0.2, 37.0, 121.58800000000005, 7.877503157727073, 73.972, 2.4488397252576592, 74.444, 2.6770999234246022, 370.25, 13.456875566044296]
[3.0, 2.0, 0.2, 38.0, 127.19200000000002, 6.271262711767066, 76.26200000000001, 2.4471526311205043, 76.188, 2.6607998797354173, 378.13, 12.402140944207979]
[3.0, 2.0, 0.2, 39.0, 129.42199999999997, 4.999991599992946, 78.298, 2.9682985025094792, 78.032, 2.5781729965229263, 393.19, 12.402979480753805]
[3.0, 2.0, 0.2, 40.0, 132.80000000000004, 6.339842269331314, 81.756, 4.703069635886758, 79.99199999999998, 2.822469840405741, 401.55, 12.792478258726884]
[3.0, 2.0, 0.2, 41.0, 134.6980000000001, 6.010290841548353, 84.84599999999996, 6.095431403928682, 82.16999999999999, 2.7147559743004543, 410.94, 12.364319633526142]
[3.0, 2.0, 0.2, 42.0, 138.78600000000006, 7.055792230501119, 86.77399999999997, 5.561629617297434, 84.53400000000002, 2.513651527161234, 420.87, 14.237032696457502]
[3.0, 2.0, 0.2, 43.0, 144.134, 8.310622359366354, 91.61400000000002, 6.9364691306168185, 86.024, 2.570491003680038, 431.05, 13.086156807863796]
[3.0, 2.0, 0.2, 44.0, 150.93199999999996, 8.68222183545203, 93.14200000000004, 7.815486933006798, 88.05599999999998, 2.766381029431772, 440.23, 13.893779183505112]
[3.0, 2.0, 0.2, 45.0, 153.59400000000008, 9.130277323279941, 96.51800000000003, 7.417713663926369, 90.13599999999998, 3.3724626017199992, 451.64, 14.345396474130649]
[3.0, 2.0, 0.2, 46.0, 158.19000000000003, 7.082393663162192, 97.37999999999998, 6.975758023326212, 92.34000000000003, 2.8924038445555973, 460.52, 14.028171655636381]
[3.0, 2.0, 0.2, 47.0, 160.452, 6.538539286415581, 102.60000000000002, 8.026406418815336, 94.45, 2.6470171892150622, 469.96, 15.015938199126952]
[3.0, 2.0, 0.2, 48.0, 164.30000000000004, 6.137849786366556, 105.572, 8.976102494958491, 96.20999999999997, 2.9667996224888555, 481.87, 14.734758226723637]
[3.0, 2.0, 0.2, 49.0, 166.88600000000005, 6.7324441327054485, 108.18199999999997, 8.010897328015131, 98.48199999999997, 2.7295560078518277, 492.42, 15.859495578359354]
[3.0, 2.0, 0.2, 50.0, 172.454, 8.062250554280732, 111.83800000000002, 8.448559403827375, 99.74999999999996, 2.756864160599866, 500.59, 14.0457075293486]
[3.0, 2.0, 0.2, 51.0, 175.80599999999993, 8.087840502878377, 113.33399999999997, 7.720365535387555, 102.462, 2.695580827947851, 513.41, 17.998386038753583]
[3.0, 2.0, 0.2, 52.0, 180.84199999999993, 7.57222794162986, 118.70400000000001, 10.401902902834657, 103.90400000000001, 3.133110914091618, 518.85, 14.708755895724153]
[3.0, 2.0, 0.2, 53.0, 184.306, 8.278620899642641, 120.54000000000002, 9.56871987258484, 106.57600000000006, 3.1089908330517826, 530.37, 14.779482399597084]
[3.0, 2.0, 0.2, 54.0, 187.85199999999998, 8.319452866625298, 125.98999999999995, 9.850253803836733, 108.262, 3.5541181747375834, 540.72, 13.345471141926765]
[3.0, 2.0, 0.2, 55.0, 191.10800000000003, 6.995965694598561, 129.51, 8.153790529563532, 110.42400000000002, 3.0445071850793886, 552.77, 14.96786891978949]
[3.0, 2.0, 0.2, 56.0, 195.39000000000007, 7.576984888463216, 134.40599999999998, 10.115946025953281, 112.132, 3.3954345819055343, 562.47, 15.170665773129407]
[3.0, 2.0, 0.2, 57.0, 200.02199999999993, 8.161759369155641, 135.53800000000004, 9.7420611782107, 114.14399999999999, 2.999610641399982, 571.29, 16.475008345976637]
[3.0, 2.0, 0.2, 58.0, 204.10199999999998, 8.069076527087843, 140.96599999999998, 11.070720121112265, 116.20199999999998, 3.0161558315179975, 580.53, 16.071375174514472]
[3.0, 2.0, 0.2, 59.0, 206.446, 7.276859487443747, 143.15199999999993, 10.763498316068059, 117.40400000000004, 2.919723274558736, 592.75, 16.40266746599467]
[3.0, 2.0, 0.2, 60.0, 212.86599999999999, 8.225426675863075, 147.30600000000004, 9.65867299373988, 120.22600000000003, 3.7154439842366114, 599.34, 16.993657640425734]
[3.0, 2.0, 0.2, 61.0, 216.95400000000012, 9.096982136950684, 151.25599999999994, 9.830689904579437, 121.86399999999999, 3.3196240751024826, 611.93, 16.179774411282747]
[3.0, 2.0, 0.2, 62.0, 217.66000000000003, 7.734364873730742, 157.28400000000008, 9.494848287360895, 124.38200000000005, 3.513299873338454, 620.94, 17.24170525209151]
[3.0, 2.0, 0.2, 63.0, 222.602, 8.112779794866857, 158.17399999999998, 9.365923552965828, 126.11200000000002, 3.579979888211668, 632.06, 16.912610679608274]
[3.0, 2.0, 0.2, 64.0, 227.49200000000005, 8.937848510687568, 162.80599999999998, 9.793771694296334, 128.36800000000002, 3.0908536037800354, 643.57, 16.132733804287476]
[3.0, 2.0, 0.2, 65.0, 231.10999999999996, 9.805360778676118, 165.4980000000001, 8.834907809366202, 130.53200000000007, 3.1240000000000046, 648.93, 16.125293795773146]
[3.0, 2.0, 0.2, 66.0, 235.55999999999997, 9.433514721459867, 171.342, 11.053444531004804, 132.57000000000002, 3.4779735479155156, 661.31, 16.677946516283114]
[3.0, 2.0, 0.2, 67.0, 238.53600000000003, 7.734746537540837, 175.392, 9.72612646432279, 134.80799999999996, 4.038902821311752, 671.33, 19.26190800517955]
[3.0, 2.0, 0.2, 68.0, 241.05, 9.049215435605454, 178.41999999999996, 9.143850392476901, 136.118, 3.3790051790430886, 683.95, 15.788840996095946]
[3.0, 2.0, 0.2, 69.0, 246.02000000000004, 8.399833331679861, 184.528, 10.363108413984676, 138.81199999999998, 2.8344763184757755, 689.61, 16.06667047026234]
[3.0, 2.0, 0.2, 70.0, 247.924, 8.536686945179607, 185.75400000000002, 10.56764325665851, 140.642, 3.577518134125946, 702.64, 16.94610279680848]
[3.0, 2.0, 0.2, 71.0, 253.69800000000004, 8.118349339613314, 190.55399999999997, 9.305132132323536, 142.176, 3.4212605863921017, 712.72, 17.00710439786856]
[3.0, 2.0, 0.2, 72.0, 256.768, 9.597946447027102, 193.07599999999994, 9.560074476697348, 143.91199999999995, 3.6066959949516155, 720.72, 18.143362422660246]
[3.0, 2.0, 0.2, 73.0, 261.4939999999999, 9.485460663562948, 199.398, 10.100633445482515, 146.71799999999993, 2.9941402772749304, 733.65, 17.137896603725906]
[3.0, 2.0, 0.2, 74.0, 266.76199999999994, 11.027373032594829, 204.11799999999997, 9.850404864775866, 148.28800000000004, 3.5161706443231773, 741.79, 18.30699046812446]
[3.0, 2.0, 0.2, 75.0, 269.976, 9.45004888876242, 206.88600000000005, 8.90156188542214, 150.246, 4.098668564302328, 751.53, 17.938480983628462]
[3.0, 2.0, 0.2, 76.0, 274.15399999999994, 9.189465925721684, 210.09199999999993, 11.20301459429559, 152.484, 3.578399642298215, 760.87, 17.430235225033535]
[3.0, 2.0, 0.2, 77.0, 277.892, 10.724193955724601, 213.35800000000006, 9.407541442906334, 153.97800000000004, 4.264823091289953, 773.53, 20.13725651621889]
[3.0, 2.0, 0.2, 78.0, 278.806, 10.487152330351645, 217.10000000000008, 10.102534335502163, 156.45, 3.7036603515981312, 782.26, 20.429694075046744]
[3.0, 2.0, 0.2, 79.0, 285.37999999999994, 9.006864049157178, 224.48399999999995, 10.54844746870363, 158.458, 3.9637653815532525, 789.82, 19.644531045560747]
[3.0, 2.0, 0.2, 80.0, 288.708, 9.044486497308721, 224.71400000000003, 12.46451780054086, 160.864, 3.895010141193472, 804.4, 18.057685344473143]
[3.0, 2.0, 0.2, 81.0, 292.182, 9.80771512636863, 232.84600000000003, 10.3805531644513, 161.41000000000005, 3.7579116540972577, 812.34, 20.066499445593397]
[3.0, 2.0, 0.2, 82.0, 295.6900000000001, 10.553004311569287, 235.21400000000006, 9.621694445366677, 163.88400000000004, 3.8895943233195998, 822.39, 16.557714214226554]
[3.0, 2.0, 0.2, 83.0, 300.96399999999994, 9.51762071108111, 239.458, 10.352325149453147, 166.04, 3.462022530255974, 830.99, 17.9874928769965]
[3.0, 2.0, 0.2, 84.0, 303.6659999999999, 11.285355289046066, 244.086, 10.325783456958606, 168.296, 3.7570711997512167, 844.7, 23.614614119227102]
[3.0, 2.0, 0.2, 85.0, 308.3679999999998, 10.293054745798264, 245.77600000000007, 10.567394380830123, 170.58400000000006, 3.73541751347824, 853.54, 18.770412888373023]
[3.0, 2.0, 0.2, 86.0, 311.6620000000001, 9.656819145039425, 246.22399999999993, 9.187743139639897, 172.766, 4.27907045980783, 859.89, 18.93034336719754]
[3.0, 2.0, 0.2, 87.0, 316.35200000000003, 8.695015583654795, 253.66599999999994, 12.110460106866297, 174.80800000000008, 3.4541476517369603, 876.89, 19.27894966018637]
[3.0, 2.0, 0.2, 88.0, 317.87600000000003, 9.645590909840612, 259.17800000000005, 9.987828392598665, 176.13800000000003, 3.7258765411644976, 878.73, 19.247781690366285]
[3.0, 2.0, 0.2, 89.0, 323.44399999999996, 9.918450685464945, 260.464, 11.1506010600326, 179.03800000000004, 4.0184270554534125, 891.69, 22.56443883636374]
[3.0, 2.0, 0.2, 90.0, 326.834, 9.704640333366294, 267.914, 10.358117782686206, 180.17200000000008, 4.083431889967065, 900.97, 21.469259418992547]
[3.0, 2.0, 0.2, 91.0, 331.056, 11.945311381458408, 270.3339999999999, 9.729668236892769, 182.40400000000002, 4.159805764696232, 914.75, 22.20557362465559]
[3.0, 2.0, 0.2, 92.0, 334.5539999999999, 10.853602351293333, 273.0479999999999, 10.580401504668913, 184.71800000000007, 4.246324999337663, 919.81, 21.178618935143053]
[3.0, 2.0, 0.2, 93.0, 339.298, 10.330401541082514, 277.642, 10.504334153100801, 186.16800000000006, 3.3519809068668605, 931.36, 21.72349879738529]
[3.0, 2.0, 0.2, 94.0, 342.4460000000001, 10.825483083908994, 279.508, 10.37236405068776, 189.35600000000002, 4.110044281999892, 942.17, 19.52488412257547]
[3.0, 2.0, 0.2, 95.0, 346.658, 10.985273596956963, 282.04999999999995, 11.374159309592962, 190.4839999999999, 3.766821471745104, 956.28, 21.427589691796886]
[3.0, 2.0, 0.2, 96.0, 350.68399999999997, 11.347323208580953, 287.74999999999994, 11.342182329692992, 192.054, 3.90679971332035, 962.78, 20.786332047766383]
[3.0, 2.0, 0.2, 97.0, 354.5799999999999, 10.553084857045343, 292.7779999999999, 10.238355141330068, 194.75799999999992, 3.820816143181975, 970.45, 24.94609187828827]
[3.0, 2.0, 0.2, 98.0, 355.974, 10.255677647040198, 298.518, 11.111330973380282, 197.01600000000002, 4.454811331582962, 982.77, 21.139940870305196]
[3.0, 2.0, 0.2, 99.0, 361.28, 9.396935670738616, 300.54000000000013, 10.956477536142716, 198.85399999999998, 4.032057043247279, 993.43, 18.20233776194695]
[3.0, 2.0, 0.2, 100.0, 364.9240000000001, 10.824334806351837, 303.06600000000003, 10.97247665752815, 201.33599999999998, 4.172182162849556, 1003.96, 18.48616780189989]
[4.0, 1.0, 0.2, 1.0, 1.9920000000000002, 0.4068611556784453, 1.9639999999999997, 0.48363622693094477, 2.032, 0.4296230906271217, 9.66, 1.7732456118654285]
[4.0, 1.0, 0.2, 2.0, 4.024, 0.6120653559874142, 4.07, 0.4786439177509727, 3.966, 0.534456733515446, 19.63, 2.8936309370754234]
[4.0, 1.0, 0.2, 3.0, 6.185999999999999, 0.7900658200428622, 5.974, 0.7012303473181974, 5.948000000000002, 0.7550470184034903, 30.17, 3.178222773815581]
[4.0, 1.0, 0.2, 4.0, 8.045999999999994, 0.8196853054678976, 8.024, 0.804129342829871, 7.9559999999999995, 0.9022549528819448, 39.4, 4.312771730569566]
[4.0, 1.0, 0.2, 5.0, 10.032, 0.9172655013680612, 10.042000000000002, 0.7134675886121244, 9.975999999999997, 0.7986388420306142, 50.06, 4.666519045284181]
[4.0, 1.0, 0.2, 6.0, 11.826000000000004, 1.0180982270881331, 12.102, 1.0846179050707212, 12.004000000000003, 1.1110283524735092, 60.21, 4.748252310061039]
[4.0, 1.0, 0.2, 7.0, 14.152000000000001, 1.2231500316804966, 14.225999999999994, 1.1015098728563448, 13.934, 0.9879493914163825, 70.15, 5.91164105811576]
[4.0, 1.0, 0.2, 8.0, 16.148000000000003, 1.215769715036528, 16.222, 1.106307371393683, 15.973999999999998, 0.8875381681933459, 79.36, 5.267864842609385]
[4.0, 1.0, 0.2, 9.0, 18.025999999999996, 1.3950354834196876, 18.052, 1.2314609210202325, 17.842, 1.1772153583775573, 90.03, 6.399148380839438]
[4.0, 1.0, 0.2, 10.0, 20.161999999999992, 1.547047510582658, 19.817999999999994, 1.3957349318548995, 19.964, 1.2763635845635835, 99.04, 7.262120902325988]
[4.0, 1.0, 0.2, 11.0, 22.034000000000002, 1.3714386606771738, 21.919999999999995, 1.3181805642627262, 22.087999999999997, 1.4236066872559987, 109.86, 6.11558664397783]
[4.0, 1.0, 0.2, 12.0, 24.17200000000001, 1.5615428268222422, 24.136000000000003, 1.4998346575539587, 24.116000000000014, 1.3297157591004178, 120.23, 6.94529337033361]
[4.0, 1.0, 0.2, 13.0, 26.424, 1.616485075712114, 26.11599999999999, 1.5689945825272946, 26.031999999999996, 1.4067608183340907, 130.1, 6.71341939699882]
[4.0, 1.0, 0.2, 14.0, 28.297999999999988, 1.696465737938731, 27.883999999999997, 1.558763612610969, 28.28800000000001, 1.3650846127621545, 142.32, 8.134961585649927]
[4.0, 1.0, 0.2, 15.0, 30.471999999999984, 1.7280092592344523, 29.937999999999978, 1.640900972027258, 30.261999999999997, 1.543164281598041, 149.63, 7.857041427916746]
[4.0, 1.0, 0.2, 16.0, 32.59000000000001, 2.1223336212763533, 32.096000000000004, 1.6657682912097953, 31.893999999999995, 1.6130604452406605, 160.02, 8.232836692173601]
[4.0, 1.0, 0.2, 17.0, 34.466, 1.9357799461715688, 34.212, 1.6242709133639017, 34.068, 1.6897857852402483, 170.56, 8.950217874443059]
[4.0, 1.0, 0.2, 18.0, 36.603999999999985, 2.331862774693227, 36.074, 1.7553700464574415, 36.086000000000006, 1.7348786701092371, 181.04, 8.49343275713654]
[4.0, 1.0, 0.2, 19.0, 38.65, 2.273389539872127, 38.08, 1.716741098709993, 38.23000000000001, 1.7637176644803445, 190.34, 8.775215097078817]
[4.0, 1.0, 0.2, 20.0, 40.586000000000006, 2.1998645412843043, 40.25399999999999, 1.9979699697442899, 40.138000000000005, 1.9697096232693807, 199.72, 8.79440731374207]
[4.0, 1.0, 0.2, 21.0, 42.81, 2.7010183264835503, 41.98799999999999, 2.108045540305048, 42.02800000000001, 1.6968252709103557, 208.79, 9.18400239547007]
[4.0, 1.0, 0.2, 22.0, 44.65199999999999, 2.8788358758359256, 44.376000000000005, 2.0024544938649678, 44.08599999999999, 1.739253863011377, 220.82, 10.325095641203523]
[4.0, 1.0, 0.2, 23.0, 46.19399999999999, 2.422305513348802, 46.126000000000005, 1.935283958492913, 45.70199999999998, 1.9808069062884452, 231.31, 10.368890972519674]
[4.0, 1.0, 0.2, 24.0, 49.12800000000002, 2.8825710745790816, 48.04600000000001, 2.205784214287517, 48.17799999999999, 1.920186449280381, 239.97, 10.039377470739904]
[4.0, 1.0, 0.2, 25.0, 51.836000000000006, 3.794246170189805, 50.13399999999999, 2.2200999977478495, 49.62799999999999, 1.9630629128991262, 250.55, 8.711343180015355]
[4.0, 1.0, 0.2, 26.0, 54.622, 5.142598176019589, 52.338, 2.313559162848445, 51.79999999999999, 2.1970889831775144, 259.67, 11.297836075992606]
[4.0, 1.0, 0.2, 27.0, 58.55, 6.132756313436888, 53.81599999999997, 2.185713613445274, 53.846, 2.2568748303793913, 271.94, 12.866094978663883]
[4.0, 1.0, 0.2, 28.0, 61.84, 6.388677484425086, 56.25599999999999, 2.3277594377426536, 56.12600000000001, 2.187355480940398, 280.64, 10.948534148460244]
[4.0, 1.0, 0.2, 29.0, 66.138, 5.399532942764587, 58.49200000000005, 2.0785417965487247, 58.094000000000015, 2.047135559751723, 289.43, 10.51499405610864]
[4.0, 1.0, 0.2, 30.0, 69.084, 4.612693789966987, 60.31399999999999, 2.447571040848458, 60.03599999999999, 2.349362466713043, 301.72, 11.535232984209726]
[4.0, 1.0, 0.2, 31.0, 72.22199999999997, 3.9738037193600797, 62.156000000000006, 2.2318745484457696, 62.61, 2.5100398403212654, 311.72, 13.198545374396378]
[4.0, 1.0, 0.2, 32.0, 74.35799999999998, 3.729803748188368, 64.40199999999997, 2.2918106379018317, 64.15799999999999, 2.3001382567141477, 321.1, 11.362658139713615]
[4.0, 1.0, 0.2, 33.0, 76.29999999999998, 2.8795138478569617, 65.94399999999995, 2.200741693157104, 66.41399999999997, 2.4855188593128803, 332.71, 10.325013317182693]
[4.0, 1.0, 0.2, 34.0, 78.994, 4.070327259570169, 68.35400000000003, 2.655387730633701, 67.794, 2.159528652275768, 340.31, 12.207124968640246]
[4.0, 1.0, 0.2, 35.0, 81.99600000000001, 4.501731222540945, 70.33600000000001, 2.4044758264536576, 70.30200000000004, 2.469574052341823, 350.19, 13.074169189665552]
[4.0, 1.0, 0.2, 36.0, 83.706, 4.694205364063231, 72.00799999999998, 2.504383357235866, 72.03399999999999, 2.407663597764439, 361.56, 12.75250563614853]
[4.0, 1.0, 0.2, 37.0, 86.41399999999996, 5.499909453800125, 74.348, 3.1173860845265846, 73.96600000000004, 2.838598950186518, 370.01, 11.972046608663032]
[4.0, 1.0, 0.2, 38.0, 94.41199999999999, 5.089504494545615, 76.426, 2.750804246034241, 76.26599999999998, 2.565627408646862, 381.23, 13.142948679805459]
[4.0, 1.0, 0.2, 39.0, 96.926, 4.7034162052703765, 78.18400000000001, 3.547808337551514, 78.69200000000002, 2.600372281039776, 393.01, 10.414888381543028]
[4.0, 1.0, 0.2, 40.0, 98.31199999999998, 4.703472759568189, 79.98399999999998, 2.5420747431969812, 79.83199999999997, 2.929535116703671, 402.48, 14.023893895776592]
[4.0, 1.0, 0.2, 41.0, 100.94599999999998, 3.7391822635437295, 83.88600000000001, 4.732124681366711, 82.16799999999999, 2.568691495684136, 412.01, 13.890640733961844]
[4.0, 1.0, 0.2, 42.0, 103.156, 3.968534238229529, 86.274, 5.342707553291684, 83.97600000000003, 2.7978963526192326, 421.5, 15.048920227046192]
[4.0, 1.0, 0.2, 43.0, 105.65400000000001, 5.519844563028926, 89.26599999999999, 5.505710126768389, 85.83800000000006, 2.7224540400161055, 432.5, 15.080119362922828]
[4.0, 1.0, 0.2, 44.0, 108.31600000000005, 5.630643302501057, 90.98, 5.681021034990102, 87.58999999999996, 2.722700864950098, 440.27, 15.599907051005138]
[4.0, 1.0, 0.2, 45.0, 112.18799999999999, 6.019556129815553, 94.78800000000005, 6.229723589373769, 89.88000000000002, 2.9533709553660907, 450.32, 13.062067217710984]
[4.0, 1.0, 0.2, 46.0, 115.69399999999997, 4.87569113049627, 95.772, 5.9485137639581875, 92.228, 2.7393459073289748, 461.3, 13.471822445385774]
[4.0, 1.0, 0.2, 47.0, 120.90799999999997, 4.818582364139894, 98.74400000000001, 6.471419009769033, 94.642, 2.952327217636959, 470.65, 12.554979091977811]
[4.0, 1.0, 0.2, 48.0, 122.29400000000004, 4.646500188313783, 100.61200000000001, 6.510042703392968, 96.15599999999996, 2.9972760967251615, 483.01, 14.511026841681467]
[4.0, 1.0, 0.2, 49.0, 125.35799999999993, 4.130694372620663, 104.49800000000009, 6.306282264535897, 98.35000000000002, 2.8006249302611055, 491.11, 13.090374326198623]
[4.0, 1.0, 0.2, 50.0, 126.45999999999997, 4.7193643639795395, 105.74600000000004, 5.863640848483134, 100.79399999999998, 3.236350413660425, 500.68, 16.55649721408487]
[4.0, 1.0, 0.2, 51.0, 130.81799999999998, 5.203237069363646, 109.03800000000001, 5.726268942339337, 102.62400000000004, 2.614617371624387, 513.31, 15.102777890176371]
[4.0, 1.0, 0.2, 52.0, 133.67600000000004, 5.740855685348657, 112.488, 6.7284660956268505, 104.44200000000002, 3.1458283487819245, 522.08, 17.552595249705952]
[4.0, 1.0, 0.2, 53.0, 136.582, 5.75277984977698, 115.228, 6.393185121674488, 105.854, 3.256729033862045, 532.85, 15.47861427906258]
[4.0, 1.0, 0.2, 54.0, 140.068, 6.193882142889059, 117.086, 6.1405703318177185, 107.95799999999997, 3.297064755202722, 539.24, 15.829794692288335]
[4.0, 1.0, 0.2, 55.0, 142.40800000000002, 5.352526132584502, 119.822, 6.720053273598358, 110.66399999999997, 2.8378696235028134, 551.16, 18.12772462279809]
[4.0, 1.0, 0.2, 56.0, 146.14600000000007, 4.767377056621389, 123.36, 7.014727364623661, 111.71400000000003, 3.4162265732822843, 562.19, 15.675263953120535]
[4.0, 1.0, 0.2, 57.0, 147.64399999999998, 5.418234398768663, 126.00600000000004, 7.064698436593032, 114.93599999999996, 3.0871190453236546, 572.89, 17.03519591903774]
[4.0, 1.0, 0.2, 58.0, 150.226, 5.300615435965902, 128.39, 7.233774948116647, 115.992, 3.0413049830623664, 581.91, 16.664990249022054]
[4.0, 1.0, 0.2, 59.0, 152.85600000000002, 5.351118014022863, 132.66600000000005, 6.761659855390539, 118.15200000000004, 3.3692871649653124, 589.65, 17.047800444632145]
[4.0, 1.0, 0.2, 60.0, 156.90600000000003, 5.930022259654683, 134.44400000000002, 6.791204900457654, 120.24999999999999, 3.0557977681777366, 600.71, 15.453993011516465]
[4.0, 1.0, 0.2, 61.0, 158.74599999999998, 6.585368934235959, 137.512, 6.78193600677565, 122.55799999999999, 3.7096948661581304, 611.91, 14.998729946232112]
[4.0, 1.0, 0.2, 62.0, 162.64399999999995, 5.752744040890399, 141.84399999999997, 6.450400297655956, 124.83599999999993, 3.1005006047411157, 623.02, 17.029961832018305]
[4.0, 1.0, 0.2, 63.0, 165.578, 5.8572959631556945, 143.68400000000003, 7.296529586042941, 126.13799999999999, 3.642273465845199, 631.04, 17.24002320184054]
[4.0, 1.0, 0.2, 64.0, 168.75, 5.909746187443249, 147.38799999999998, 6.856519233547008, 127.976, 3.3038498755240098, 641.94, 15.22551805358359]
[4.0, 1.0, 0.2, 65.0, 170.41600000000003, 5.014513336306922, 149.17, 7.0619190026507646, 130.39399999999995, 3.2737079894211694, 651.9, 14.596232390586279]
[4.0, 1.0, 0.2, 66.0, 174.71799999999996, 5.694003512468182, 151.75199999999992, 7.3754793742508715, 132.0820000000001, 3.7505300958664516, 659.31, 17.305314212692014]
[4.0, 1.0, 0.2, 67.0, 176.92799999999997, 6.208608217628162, 155.38999999999996, 7.493377075791662, 134.616, 3.5682690481520543, 671.88, 18.500962137143024]
[4.0, 1.0, 0.2, 68.0, 180.53399999999993, 6.044439097219857, 158.9500000000001, 7.240352201378048, 136.45200000000006, 3.631376598481626, 681.48, 17.953540040894442]
[4.0, 1.0, 0.2, 69.0, 184.1020000000001, 5.54028844014461, 161.25200000000004, 6.600158785968715, 138.34399999999997, 3.7641551508937603, 692.49, 17.919539614621804]
[4.0, 1.0, 0.2, 70.0, 186.49000000000007, 5.5954535115573965, 163.74199999999996, 7.338680807883657, 140.306, 3.3582680059816536, 701.02, 19.081918142576765]
[4.0, 1.0, 0.2, 71.0, 188.94, 5.293278757065416, 164.27, 7.081320498325155, 142.38199999999998, 3.4527780119781855, 714.04, 18.8827540364217]
[4.0, 1.0, 0.2, 72.0, 191.41600000000003, 5.6515965885756545, 170.03399999999993, 7.337741069293741, 143.628, 3.513291334347327, 725.77, 17.44354035166027]
[4.0, 1.0, 0.2, 73.0, 194.8539999999999, 6.211721500518187, 172.66400000000004, 7.24485362170969, 146.80400000000003, 3.555613027313293, 733.13, 17.650866834237913]
[4.0, 1.0, 0.2, 74.0, 197.63000000000002, 5.642366524783727, 174.89199999999997, 7.838184483667128, 148.71399999999994, 3.5284279785762975, 741.69, 17.587890720606612]
[4.0, 1.0, 0.2, 75.0, 200.56999999999994, 6.800257348071463, 179.208, 7.9778152397758655, 150.446, 4.007877742646355, 752.64, 17.919553565867652]
[4.0, 1.0, 0.2, 76.0, 204.44999999999993, 5.32333542057985, 182.778, 6.8642782577631625, 151.91999999999996, 3.607325879373809, 763.97, 17.97857335830627]
[4.0, 1.0, 0.2, 77.0, 206.29199999999997, 6.939418995852608, 184.39799999999997, 7.422856323545536, 154.32000000000002, 3.5169304798360685, 772.49, 17.28958935313387]
[4.0, 1.0, 0.2, 78.0, 209.96400000000006, 5.742708768516817, 187.9119999999999, 6.943907833489724, 156.27, 3.523904084960322, 782.31, 21.633166666024653]
[4.0, 1.0, 0.2, 79.0, 212.17399999999986, 5.129261545290891, 189.43599999999995, 8.554876036506908, 158.902, 3.7705697182256266, 793.08, 18.581001049459097]
[4.0, 1.0, 0.2, 80.0, 216.1159999999999, 6.256655975838848, 193.89800000000005, 7.533418613086624, 159.84000000000006, 3.8728800652744266, 801.06, 17.545837113116033]
[4.0, 1.0, 0.2, 81.0, 218.08999999999992, 6.446851944941804, 197.15599999999992, 8.706529963194289, 161.89600000000002, 4.00254718897855, 814.29, 19.74046352039383]
[4.0, 1.0, 0.2, 82.0, 220.91400000000002, 6.468276741142102, 198.45999999999995, 8.74247104656344, 164.13200000000003, 4.29913665751625, 822.1, 17.22004645754477]
[4.0, 1.0, 0.2, 83.0, 224.40999999999997, 6.305386586086529, 204.45399999999995, 7.320647785544667, 166.47199999999992, 3.50662458783372, 835.1, 19.669519567086535]
[4.0, 1.0, 0.2, 84.0, 227.10799999999995, 6.563195563138422, 206.382, 6.150128128746588, 168.044, 4.088479423942349, 842.54, 18.907892531956065]
[4.0, 1.0, 0.2, 85.0, 230.30399999999997, 6.298982775020105, 208.132, 7.612369933207406, 170.55600000000007, 3.7086471927105684, 854.61, 17.94875761717228]
[4.0, 1.0, 0.2, 86.0, 232.88600000000002, 5.755641058995945, 211.37399999999994, 7.748169074045828, 172.65199999999996, 3.9441724100246973, 860.77, 19.00992109399721]
[4.0, 1.0, 0.2, 87.0, 234.75799999999998, 6.587885548489731, 213.7760000000001, 7.489954873028273, 173.41599999999994, 4.017828269102595, 876.11, 21.979488165105213]
[4.0, 1.0, 0.2, 88.0, 237.386, 5.737543376742356, 218.15599999999995, 8.067444700771116, 176.16800000000003, 4.09015598724548, 881.0, 19.262917743685666]
[4.0, 1.0, 0.2, 89.0, 242.24599999999992, 6.432035758607067, 220.50399999999993, 7.213181267651608, 178.59599999999995, 3.786817133160778, 891.34, 22.358094730991724]
[4.0, 1.0, 0.2, 90.0, 244.746, 5.816380661545445, 224.11399999999998, 7.372503238385178, 180.53199999999993, 3.941595615991066, 903.18, 20.033162506204555]
[4.0, 1.0, 0.2, 91.0, 247.08999999999986, 6.511735559741347, 226.99399999999997, 7.311221785720909, 182.46599999999995, 3.759793079412744, 914.26, 19.4713225025934]
[4.0, 1.0, 0.2, 92.0, 250.33400000000006, 6.727023413070598, 230.29799999999992, 8.020997194862987, 185.17199999999994, 4.044158256052796, 919.58, 21.58572676561991]
[4.0, 1.0, 0.2, 93.0, 252.68799999999993, 7.201017705852415, 232.69199999999992, 7.746814571164067, 187.12000000000006, 4.029392013691397, 931.95, 20.827565868339008]
[4.0, 1.0, 0.2, 94.0, 255.83999999999992, 6.427690098316811, 233.622, 7.525152224373934, 188.26999999999995, 4.167817174493137, 942.66, 15.832384532975443]
[4.0, 1.0, 0.2, 95.0, 259.57200000000006, 5.956980443143989, 236.86, 6.932733948450639, 189.95199999999994, 4.294379582663832, 953.15, 22.42649103181325]
[4.0, 1.0, 0.2, 96.0, 262.46799999999996, 7.616940068032551, 239.89599999999996, 6.509468795531625, 193.18199999999993, 3.844694526227021, 960.78, 20.02827002014902]
[4.0, 1.0, 0.2, 97.0, 265.3939999999999, 7.553725173713961, 245.65799999999996, 7.82638077274547, 194.79399999999998, 3.9505397099636985, 974.91, 21.65229549031696]
[4.0, 1.0, 0.2, 98.0, 267.81200000000007, 7.057071347237467, 247.80599999999998, 8.09960270630603, 195.65199999999996, 3.768142247845749, 985.82, 20.73903565742631]
[4.0, 1.0, 0.2, 99.0, 269.788, 7.411980572019866, 251.00600000000003, 7.829812513719599, 198.76999999999995, 3.8156912873029922, 991.79, 19.85965508260402]
[4.0, 1.0, 0.2, 100.0, 272.91, 6.44374890882629, 252.50000000000009, 8.320697086182136, 200.3939999999999, 3.739353420044693, 1001.84, 21.554915912617247]
