[1.0, 4.0, 0.8, 1.0, 8.064000000000002, 1.6421644253849865, 8.159999999999997, 1.534666087460071]
[1.0, 4.0, 0.8, 2.0, 17.594, 2.539992913375942, 16.288, 2.3365478809560063]
[1.0, 4.0, 0.8, 3.0, 27.846, 2.9695595633022758, 23.41599999999999, 2.870774111629127]
[1.0, 4.0, 0.8, 4.0, 38.21199999999999, 3.5572821085767137, 32.151999999999994, 3.4681545524961845]
[1.0, 4.0, 0.8, 5.0, 47.78199999999999, 4.486521592503484, 40.391999999999975, 3.4935277299600758]
[1.0, 4.0, 0.8, 6.0, 56.215999999999994, 4.074671029666076, 47.816, 3.996566526407387]
[1.0, 4.0, 0.8, 7.0, 66.43399999999997, 5.089758736914745, 56.144, 4.350087815205572]
[1.0, 4.0, 0.8, 8.0, 75.21799999999999, 5.8190098814145355, 63.767999999999994, 4.131122849783096]
[1.0, 4.0, 0.8, 9.0, 86.42999999999998, 6.540236998763882, 72.07800000000003, 5.41175720076206]
[1.0, 4.0, 0.8, 10.0, 95.64, 7.285437529757562, 81.31, 4.9668803086041855]
[1.0, 4.0, 0.8, 11.0, 104.15400000000001, 6.770870254258311, 90.68999999999994, 5.302329676661006]
[1.0, 4.0, 0.8, 12.0, 115.54199999999997, 7.962326042055798, 101.23, 6.361344197573342]
[1.0, 4.0, 0.8, 13.0, 123.444, 6.352107051994639, 111.23400000000004, 6.379094293079546]
[1.0, 4.0, 0.8, 14.0, 134.82799999999995, 7.107236875185742, 118.64599999999997, 6.109654982075501]
[1.0, 4.0, 0.8, 15.0, 145.174, 7.9382443902918505, 127.87200000000003, 6.968013777253887]
[1.0, 4.0, 0.8, 16.0, 152.692, 8.213765031944853, 138.71200000000002, 8.958540952632854]
[1.0, 4.0, 0.8, 17.0, 162.62600000000003, 7.4991015461853845, 148.32999999999996, 7.182889390767483]
[1.0, 4.0, 0.8, 18.0, 172.90600000000003, 8.809470131625398, 157.61599999999993, 8.743440055264294]
[1.0, 4.0, 0.8, 19.0, 181.70599999999996, 8.0387290040155, 166.2, 6.9946265089710105]
[1.0, 4.0, 0.8, 20.0, 190.796, 7.753191858841108, 177.588, 7.643288297585013]
[1.0, 4.0, 0.8, 21.0, 201.14199999999994, 9.96587356933651, 187.56799999999996, 9.734956394355345]
[1.0, 4.0, 0.8, 22.0, 210.97799999999995, 9.03211580970926, 196.298, 8.901033423148123]
[1.0, 4.0, 0.8, 23.0, 218.97600000000006, 9.848828559783138, 205.73799999999991, 7.998684641864562]
[1.0, 4.0, 0.8, 24.0, 227.5579999999999, 9.388771804661143, 215.01800000000003, 9.65028890759235]
[1.0, 4.0, 0.8, 25.0, 239.08799999999997, 10.409277400473103, 224.12800000000004, 8.884661839372388]
[1.0, 4.0, 0.8, 26.0, 247.41199999999986, 10.379549893901952, 235.3439999999999, 10.027166299608277]
[1.0, 4.0, 0.8, 27.0, 257.6760000000001, 10.819381867740876, 245.53000000000011, 9.443362748512838]
[1.0, 4.0, 0.8, 28.0, 268.4, 9.281551594426444, 255.59799999999996, 11.040742547491993]
[1.0, 4.0, 0.8, 29.0, 277.1940000000002, 10.567552412928928, 264.15799999999996, 11.066283748395392]
[1.0, 4.0, 0.8, 30.0, 288.038, 11.413349902635954, 272.82999999999987, 10.984438993412459]
[1.0, 4.0, 0.8, 31.0, 298.10200000000003, 10.36800829474977, 280.89, 10.836397002694206]
[1.0, 4.0, 0.8, 32.0, 308.2519999999999, 11.955906322818024, 294.004, 11.7945743458592]
[1.0, 4.0, 0.8, 33.0, 316.14, 11.411835960966142, 300.32000000000005, 11.534123287012324]
[1.0, 4.0, 0.8, 34.0, 326.34, 11.46024432549324, 310.9620000000001, 10.829725573623737]
[1.0, 4.0, 0.8, 35.0, 335.75399999999996, 11.125065572840457, 321.18799999999993, 10.603954733966006]
[1.0, 4.0, 0.8, 36.0, 344.9240000000001, 12.39499189188924, 329.82, 10.98761120535306]
[1.0, 4.0, 0.8, 37.0, 355.30199999999996, 13.118612579080155, 340.93800000000005, 10.654377316389725]
[1.0, 4.0, 0.8, 38.0, 364.0779999999998, 14.008908451410486, 349.43800000000005, 10.010182615716863]
[1.0, 4.0, 0.8, 39.0, 372.57599999999985, 13.02542989693623, 357.68600000000004, 10.931651476332386]
[1.0, 4.0, 0.8, 40.0, 383.94200000000006, 12.911709259428056, 366.68799999999993, 12.229548478991369]
[1.0, 4.0, 0.8, 41.0, 392.094, 15.624530840956472, 377.64399999999995, 10.698171058643629]
[1.0, 4.0, 0.8, 42.0, 400.704, 10.77279833655119, 388.876, 13.18692625292187]
[1.0, 4.0, 0.8, 43.0, 410.1679999999999, 12.65596207326808, 394.8220000000002, 11.348511620472527]
[1.0, 4.0, 0.8, 44.0, 423.56799999999987, 13.449065989874546, 404.45600000000013, 10.450457597636564]
[1.0, 4.0, 0.8, 45.0, 431.80799999999965, 13.157200918128442, 414.03600000000034, 11.766099778601243]
[1.0, 4.0, 0.8, 46.0, 444.22200000000004, 14.962029140460858, 427.5259999999998, 13.18218965119224]
[1.0, 4.0, 0.8, 47.0, 447.6180000000001, 13.12042971857249, 430.8780000000001, 12.264547117606915]
[1.0, 4.0, 0.8, 48.0, 460.27400000000017, 14.070867919215216, 441.15200000000004, 13.33722969735469]
[1.0, 4.0, 0.8, 49.0, 469.934, 13.448183669180015, 449.93800000000005, 12.855899657355762]
[1.0, 4.0, 0.8, 50.0, 479.5400000000001, 16.146813927211774, 460.918, 12.358967432597272]
[1.0, 4.0, 0.8, 51.0, 490.77799999999974, 13.255576788657677, 470.1739999999999, 11.762402985784837]
[1.0, 4.0, 0.8, 52.0, 498.2380000000002, 13.421198009119749, 479.662, 12.724706519208997]
[1.0, 4.0, 0.8, 53.0, 509.0839999999998, 14.799815674527842, 489.184, 12.6163284675059]
[1.0, 4.0, 0.8, 54.0, 519.376, 14.556353389499712, 499.018, 12.90448278700079]
[1.0, 4.0, 0.8, 55.0, 526.1740000000003, 16.483874665866647, 506.7380000000001, 11.64115784619382]
[1.0, 4.0, 0.8, 56.0, 539.9459999999998, 16.118060801473597, 514.0899999999998, 12.654370786412104]
[1.0, 4.0, 0.8, 57.0, 542.3760000000001, 16.0029067359652, 529.034, 14.800379859990088]
[1.0, 4.0, 0.8, 58.0, 555.3580000000001, 15.673501076658017, 535.5320000000002, 14.283479127999584]
[1.0, 4.0, 0.8, 59.0, 565.9259999999999, 15.434964334263949, 545.8299999999999, 14.275948304753694]
[1.0, 4.0, 0.8, 60.0, 576.408, 17.276178281089834, 554.9480000000003, 14.252062868230684]
[1.0, 4.0, 0.8, 61.0, 584.7180000000001, 17.153217657337656, 564.526, 14.129816842408133]
[1.0, 4.0, 0.8, 62.0, 594.9979999999998, 17.67249829537411, 575.3960000000001, 15.602101909678703]
[1.0, 4.0, 0.8, 63.0, 606.4440000000001, 17.370954608195824, 584.6120000000001, 15.896435323681843]
[1.0, 4.0, 0.8, 64.0, 614.6060000000002, 17.0719759840506, 592.5699999999998, 14.34420789029494]
[1.0, 4.0, 0.8, 65.0, 621.7999999999998, 17.32471067579485, 598.99, 16.211560689828747]
[1.0, 4.0, 0.8, 66.0, 634.748, 17.780092688172367, 612.042, 14.534711417843825]
[1.0, 4.0, 0.8, 67.0, 642.626, 17.44641292644422, 622.32, 16.937910142635662]
[1.0, 4.0, 0.8, 68.0, 653.61, 17.73925308461436, 634.3839999999998, 14.267716846082974]
[1.0, 4.0, 0.8, 69.0, 663.6940000000002, 17.151477020944892, 638.6880000000001, 17.34945117287574]
[1.0, 4.0, 0.8, 70.0, 669.0039999999999, 18.79038009195131, 648.9539999999998, 14.104690141935055]
[1.0, 4.0, 0.8, 71.0, 681.2740000000002, 18.834153126700443, 659.33, 17.172964217047674]
[1.0, 4.0, 0.8, 72.0, 691.4759999999999, 14.549028283703342, 668.22, 16.774802532369772]
[1.0, 4.0, 0.8, 73.0, 701.034, 16.0563770508792, 676.6199999999999, 14.061962878631135]
[1.0, 4.0, 0.8, 74.0, 711.6799999999998, 16.62513759341559, 689.0999999999999, 16.330572555792408]
[1.0, 4.0, 0.8, 75.0, 718.2779999999998, 17.394916383817435, 697.6880000000003, 18.537881648127968]
[1.0, 4.0, 0.8, 76.0, 729.0159999999996, 20.620876412024785, 704.8000000000004, 18.256089395048434]
[1.0, 4.0, 0.8, 77.0, 738.9920000000003, 17.25491048948097, 720.8320000000002, 14.935694694255094]
[1.0, 4.0, 0.8, 78.0, 748.0759999999999, 16.263106222367224, 724.7740000000003, 15.573995120071139]
[1.0, 4.0, 0.8, 79.0, 759.8320000000004, 17.14086858942687, 736.3960000000002, 15.991972486219451]
[1.0, 4.0, 0.8, 80.0, 765.3840000000001, 17.271356171418628, 742.5919999999999, 16.44352565601427]
[1.0, 4.0, 0.8, 81.0, 777.3300000000002, 19.30511590226798, 753.7200000000003, 16.905715010019524]
[1.0, 4.0, 0.8, 82.0, 788.3200000000002, 20.604679080247767, 761.3940000000002, 17.84812494353398]
[1.0, 4.0, 0.8, 83.0, 796.552, 19.372952691833003, 773.3339999999998, 19.3837881746577]
[1.0, 4.0, 0.8, 84.0, 804.7559999999996, 19.52613796939887, 777.8499999999997, 17.516560735486873]
[1.0, 4.0, 0.8, 85.0, 817.0079999999999, 21.74565556611254, 790.6340000000001, 19.733829937444984]
[1.0, 4.0, 0.8, 86.0, 822.1840000000004, 20.751340775959523, 801.3920000000003, 17.248093691767775]
[1.0, 4.0, 0.8, 87.0, 834.9920000000001, 17.711982836486715, 813.8720000000001, 17.740203381021317]
[1.0, 4.0, 0.8, 88.0, 842.3979999999999, 21.012424800579275, 816.344, 18.950357885802575]
[1.0, 4.0, 0.8, 89.0, 857.7120000000001, 18.69214423227044, 828.97, 16.701889114707978]
[1.0, 4.0, 0.8, 90.0, 865.9899999999999, 18.817021549650203, 836.5779999999999, 15.72628106069582]
[1.0, 4.0, 0.8, 91.0, 873.7540000000001, 21.691359662317172, 846.4079999999994, 17.586561232941477]
[1.0, 4.0, 0.8, 92.0, 881.4039999999998, 19.928572051203243, 854.41, 18.58946744799321]
[1.0, 4.0, 0.8, 93.0, 895.3840000000001, 21.286308839251596, 868.5639999999996, 18.804943605339513]
[1.0, 4.0, 0.8, 94.0, 901.6819999999998, 19.125273226806463, 876.462, 18.217281795042865]
[1.0, 4.0, 0.8, 95.0, 913.6180000000002, 21.00611520486355, 885.528, 19.039590751904306]
[1.0, 4.0, 0.8, 96.0, 923.6160000000004, 21.203993586114862, 893.4280000000003, 19.242141668743646]
[1.0, 4.0, 0.8, 97.0, 929.9259999999999, 23.427892009312316, 901.1179999999999, 15.946663475473487]
[1.0, 4.0, 0.8, 98.0, 938.8020000000004, 20.325855357155323, 912.5519999999998, 17.844105357232106]
[1.0, 4.0, 0.8, 99.0, 953.3439999999998, 22.4838978827071, 923.362, 17.54502083213354]
[1.0, 4.0, 0.8, 100.0, 965.0580000000003, 19.675066353128265, 932.8380000000002, 20.016966703274495]
[2.0, 3.0, 0.8, 1.0, 8.159999999999998, 1.5094369811290567, 7.9360000000000035, 1.6304306179656958]
[2.0, 3.0, 0.8, 2.0, 16.048, 2.3401059805060105, 15.920000000000002, 2.4462215762273045]
[2.0, 3.0, 0.8, 3.0, 25.95, 3.137435258296177, 23.855999999999998, 3.036587558428047]
[2.0, 3.0, 0.8, 4.0, 35.77199999999998, 3.2587138567232317, 32.544000000000004, 3.2137305425315295]
[2.0, 3.0, 0.8, 5.0, 46.15999999999999, 4.1711389331931885, 40.07200000000003, 3.2478325079966797]
[2.0, 3.0, 0.8, 6.0, 54.81, 4.737794845706175, 47.495999999999974, 4.1610075702887155]
[2.0, 3.0, 0.8, 7.0, 61.97, 4.75313580702256, 56.399999999999984, 3.8888558728757245]
[2.0, 3.0, 0.8, 8.0, 72.14600000000002, 5.103634391294111, 64.96800000000002, 4.991249943651389]
[2.0, 3.0, 0.8, 9.0, 81.9, 5.678767471907966, 71.36000000000001, 5.276362383309169]
[2.0, 3.0, 0.8, 10.0, 91.958, 5.800296199333271, 80.71199999999997, 5.45558942736713]
[2.0, 3.0, 0.8, 11.0, 99.40599999999996, 6.313316402652412, 90.3, 5.7147878350818955]
[2.0, 3.0, 0.8, 12.0, 108.302, 7.066512293911333, 101.22800000000002, 6.3113244251900085]
[2.0, 3.0, 0.8, 13.0, 117.62400000000001, 6.681872791366205, 109.65199999999997, 5.740914212910694]
[2.0, 3.0, 0.8, 14.0, 128.79199999999994, 7.3847366913113435, 118.11200000000002, 6.341124190551706]
[2.0, 3.0, 0.8, 15.0, 138.944, 7.5743820870088125, 126.708, 6.419808096820339]
[2.0, 3.0, 0.8, 16.0, 147.36800000000002, 7.555274713734771, 136.49999999999997, 6.640873436529264]
[2.0, 3.0, 0.8, 17.0, 154.47600000000006, 7.705207589675958, 146.012, 7.133796745072008]
[2.0, 3.0, 0.8, 18.0, 164.04800000000003, 7.9903501800609495, 156.66600000000005, 7.814041463928893]
[2.0, 3.0, 0.8, 19.0, 174.05000000000007, 7.842875748091382, 164.95800000000003, 7.871025092070286]
[2.0, 3.0, 0.8, 20.0, 182.268, 7.459287901669971, 172.06000000000006, 7.192301439734011]
[2.0, 3.0, 0.8, 21.0, 193.2940000000001, 7.86498340748409, 182.77399999999994, 8.297115402355209]
[2.0, 3.0, 0.8, 22.0, 199.65600000000003, 8.772186956512046, 193.96599999999992, 7.705377602687621]
[2.0, 3.0, 0.8, 23.0, 211.42400000000006, 8.76631188128736, 202.26000000000008, 8.819818592238729]
[2.0, 3.0, 0.8, 24.0, 220.47400000000005, 9.47264081447196, 210.40199999999996, 6.646412265275151]
[2.0, 3.0, 0.8, 25.0, 228.57199999999997, 10.50980570705282, 218.08000000000007, 9.325191687037854]
[2.0, 3.0, 0.8, 26.0, 235.7600000000002, 9.517058369055015, 229.27399999999994, 9.915630287581326]
[2.0, 3.0, 0.8, 27.0, 247.04399999999998, 10.382083798544496, 239.63200000000003, 9.016328299257967]
[2.0, 3.0, 0.8, 28.0, 255.78799999999993, 8.768663296078826, 248.28400000000002, 9.412169994214937]
[2.0, 3.0, 0.8, 29.0, 263.9079999999999, 9.844325065742197, 256.71799999999996, 9.790979317718941]
[2.0, 3.0, 0.8, 30.0, 273.61400000000003, 10.545947278457257, 263.9620000000001, 10.42538037675364]
[2.0, 3.0, 0.8, 31.0, 284.08, 11.721569860731114, 274.7359999999998, 10.28874647369639]
[2.0, 3.0, 0.8, 32.0, 292.1620000000001, 12.37283136553635, 285.7680000000001, 10.180558727299795]
[2.0, 3.0, 0.8, 33.0, 301.49600000000004, 10.840755693216233, 291.8379999999999, 11.911765444299176]
[2.0, 3.0, 0.8, 34.0, 309.44800000000004, 11.976881731068405, 301.55199999999985, 10.348685713654664]
[2.0, 3.0, 0.8, 35.0, 316.9059999999999, 11.441099772312109, 311.48400000000015, 10.185526201429159]
[2.0, 3.0, 0.8, 36.0, 328.64399999999995, 11.672106236665265, 321.89000000000016, 10.775690233112675]
[2.0, 3.0, 0.8, 37.0, 339.56800000000004, 11.842524055284839, 329.1259999999999, 11.790289394243045]
[2.0, 3.0, 0.8, 38.0, 348.1240000000001, 11.376635003374245, 337.2540000000001, 10.982125659452272]
[2.0, 3.0, 0.8, 39.0, 356.67599999999976, 11.939540359662097, 346.82800000000026, 10.443333567400789]
[2.0, 3.0, 0.8, 40.0, 364.982, 11.740906097912548, 355.90200000000004, 10.529520216989944]
[2.0, 3.0, 0.8, 41.0, 374.9000000000001, 12.650169959332572, 365.7099999999999, 11.499926086718997]
[2.0, 3.0, 0.8, 42.0, 387.67200000000014, 13.681623295501165, 371.42399999999986, 12.017762853376663]
[2.0, 3.0, 0.8, 43.0, 394.30200000000025, 13.02402380218955, 381.9239999999999, 13.525377037258512]
[2.0, 3.0, 0.8, 44.0, 403.024, 14.478792214822352, 391.96000000000015, 11.31526402696816]
[2.0, 3.0, 0.8, 45.0, 413.0979999999999, 13.708376855047433, 398.34399999999994, 13.103131839373347]
[2.0, 3.0, 0.8, 46.0, 422.43000000000006, 12.9000891469788, 409.218, 12.097374756532925]
[2.0, 3.0, 0.8, 47.0, 431.6479999999998, 13.079025040116717, 418.1580000000002, 11.98389903161739]
[2.0, 3.0, 0.8, 48.0, 440.0640000000001, 13.68382636545787, 430.04200000000003, 12.060689698354729]
[2.0, 3.0, 0.8, 49.0, 449.48599999999976, 14.323526241816296, 434.09200000000004, 13.933396427289365]
[2.0, 3.0, 0.8, 50.0, 459.07600000000014, 11.705341686597631, 442.82399999999996, 11.300239997451367]
[2.0, 3.0, 0.8, 51.0, 467.2459999999999, 14.005137771546561, 455.4760000000003, 12.041122206837708]
[2.0, 3.0, 0.8, 52.0, 479.2940000000001, 14.45133779274432, 464.8440000000001, 13.083778659087757]
[2.0, 3.0, 0.8, 53.0, 486.38599999999997, 15.060763725654827, 473.83400000000006, 12.311752271711772]
[2.0, 3.0, 0.8, 54.0, 490.81800000000004, 16.249359248905787, 481.11799999999994, 13.47890485165617]
[2.0, 3.0, 0.8, 55.0, 505.2759999999999, 13.2298988658266, 489.7520000000002, 13.730699035373256]
[2.0, 3.0, 0.8, 56.0, 514.1419999999999, 14.162324526715237, 498.82000000000016, 13.5672694378788]
[2.0, 3.0, 0.8, 57.0, 521.2220000000002, 17.6387050545101, 507.80200000000013, 11.86667586141965]
[2.0, 3.0, 0.8, 58.0, 532.918, 14.996455447871677, 519.8199999999999, 13.170649186733348]
[2.0, 3.0, 0.8, 59.0, 540.8599999999999, 15.972939616739323, 525.95, 13.316256981599585]
[2.0, 3.0, 0.8, 60.0, 551.0540000000001, 15.344206854705792, 534.706, 15.532609697021297]
[2.0, 3.0, 0.8, 61.0, 557.8079999999999, 16.66051427777667, 544.548, 13.136197927863295]
[2.0, 3.0, 0.8, 62.0, 567.364, 14.803955687585681, 553.8479999999997, 14.484173984042048]
[2.0, 3.0, 0.8, 63.0, 576.0079999999997, 16.371167826395283, 567.6020000000001, 14.759661107220587]
[2.0, 3.0, 0.8, 64.0, 585.216, 14.78200744148101, 572.0219999999998, 16.39424033006715]
[2.0, 3.0, 0.8, 65.0, 598.5180000000001, 15.572799234562826, 579.3920000000003, 13.800345502921319]
[2.0, 3.0, 0.8, 66.0, 605.1160000000001, 15.405354393846318, 590.014, 14.300049090824826]
[2.0, 3.0, 0.8, 67.0, 615.8699999999997, 16.592441050068572, 599.68, 15.452197254759577]
[2.0, 3.0, 0.8, 68.0, 623.4520000000005, 16.077676946623853, 610.1440000000001, 14.592383766883321]
[2.0, 3.0, 0.8, 69.0, 634.1280000000003, 17.1707779672326, 618.236, 14.056582230400105]
[2.0, 3.0, 0.8, 70.0, 641.9279999999998, 17.003470704535605, 628.7239999999999, 14.858419296816184]
[2.0, 3.0, 0.8, 71.0, 649.04, 17.528924667531676, 633.606, 14.729139961314788]
[2.0, 3.0, 0.8, 72.0, 657.8980000000001, 14.937134798882951, 643.3399999999999, 12.923080128204727]
[2.0, 3.0, 0.8, 73.0, 665.9260000000002, 17.02012115115519, 654.1380000000001, 13.14898307855022]
[2.0, 3.0, 0.8, 74.0, 679.2059999999998, 18.567379028823638, 664.3300000000002, 15.65654815085368]
[2.0, 3.0, 0.8, 75.0, 689.4459999999999, 17.91198157658722, 673.22, 16.33569098630357]
[2.0, 3.0, 0.8, 76.0, 696.8059999999998, 17.8348749364833, 678.5880000000002, 16.6309066499695]
[2.0, 3.0, 0.8, 77.0, 708.2660000000002, 17.878256178945424, 690.3, 15.07075313313837]
[2.0, 3.0, 0.8, 78.0, 715.3579999999997, 20.325713665207438, 700.828, 14.429775327426265]
[2.0, 3.0, 0.8, 79.0, 725.3720000000003, 15.95147692221633, 709.1879999999998, 15.304765793699678]
[2.0, 3.0, 0.8, 80.0, 732.434, 17.84383490172447, 716.0939999999999, 16.266172383200672]
[2.0, 3.0, 0.8, 81.0, 742.5480000000002, 20.583111912439307, 726.9859999999999, 13.10942424365005]
[2.0, 3.0, 0.8, 82.0, 750.9500000000002, 16.632483278211943, 735.094, 15.159299588041659]
[2.0, 3.0, 0.8, 83.0, 761.0939999999999, 20.572767533805454, 743.6399999999999, 15.26596213803769]
[2.0, 3.0, 0.8, 84.0, 773.3659999999999, 18.474112806844087, 749.548, 17.11372829046904]
[2.0, 3.0, 0.8, 85.0, 781.5039999999999, 18.892992986819213, 765.0459999999999, 17.290479576923257]
[2.0, 3.0, 0.8, 86.0, 788.0120000000004, 20.82955246758796, 769.8199999999997, 16.261598937373904]
[2.0, 3.0, 0.8, 87.0, 797.44, 16.800690462001853, 779.0179999999999, 15.487778278371605]
[2.0, 3.0, 0.8, 88.0, 809.9079999999998, 19.497823878576806, 787.446, 17.572566232625235]
[2.0, 3.0, 0.8, 89.0, 817.6880000000004, 18.31692812673567, 795.5500000000002, 17.90245513889088]
[2.0, 3.0, 0.8, 90.0, 826.9220000000003, 19.811327971642875, 803.6919999999998, 17.506716882385476]
[2.0, 3.0, 0.8, 91.0, 831.3019999999997, 20.817079430121776, 817.156, 19.549702401826984]
[2.0, 3.0, 0.8, 92.0, 843.2400000000002, 18.552325999723077, 823.382, 16.596411539847978]
[2.0, 3.0, 0.8, 93.0, 849.9459999999999, 17.77420276693163, 833.8379999999996, 22.069194729305366]
[2.0, 3.0, 0.8, 94.0, 861.4779999999998, 20.029516119966548, 843.5399999999995, 19.043938668248224]
[2.0, 3.0, 0.8, 95.0, 872.5719999999997, 19.159019181576063, 853.5140000000001, 15.893023752577747]
[2.0, 3.0, 0.8, 96.0, 878.1600000000003, 18.578137689230324, 861.7280000000001, 18.405901662238662]
[2.0, 3.0, 0.8, 97.0, 892.3739999999998, 19.018236616468915, 870.1240000000004, 17.91981651691779]
[2.0, 3.0, 0.8, 98.0, 900.592, 20.01986853103685, 877.7560000000003, 17.948338753210567]
[2.0, 3.0, 0.8, 99.0, 907.5179999999999, 23.61848589558613, 887.7779999999999, 18.224135535053513]
[2.0, 3.0, 0.8, 100.0, 917.6699999999998, 21.24904468440877, 897.8480000000003, 19.014018407480325]
[3.0, 2.0, 0.8, 1.0, 7.816000000000002, 1.5256945959136121, 7.6560000000000015, 1.382195355222987]
[3.0, 2.0, 0.8, 2.0, 15.983999999999998, 2.262685130547333, 16.128000000000004, 2.477986279219479]
[3.0, 2.0, 0.8, 3.0, 23.911999999999992, 3.110539503044448, 24.055999999999994, 2.9377651369706195]
[3.0, 2.0, 0.8, 4.0, 34.32800000000001, 3.1720680951076705, 31.903999999999996, 3.13591836628443]
[3.0, 2.0, 0.8, 5.0, 43.88199999999998, 3.883616355923949, 39.496, 3.43656572758328]
[3.0, 2.0, 0.8, 6.0, 52.024000000000015, 3.8292850507633927, 48.51200000000001, 4.137663108567444]
[3.0, 2.0, 0.8, 7.0, 60.074, 4.754337388112039, 56.463999999999984, 4.804238128985702]
[3.0, 2.0, 0.8, 8.0, 68.02399999999997, 4.720701642764559, 64.49599999999998, 4.413477540443591]
[3.0, 2.0, 0.8, 9.0, 78.76800000000004, 5.338293360241643, 71.96000000000002, 5.20107681158431]
[3.0, 2.0, 0.8, 10.0, 87.94399999999997, 6.01658241861607, 80.768, 5.332970654335161]
[3.0, 2.0, 0.8, 11.0, 96.92999999999995, 5.565348147241101, 90.11600000000006, 4.679075122286455]
[3.0, 2.0, 0.8, 12.0, 104.288, 6.406641553887654, 100.25800000000007, 5.619487165213566]
[3.0, 2.0, 0.8, 13.0, 111.86399999999999, 6.779078403440987, 107.76999999999998, 5.827134801941692]
[3.0, 2.0, 0.8, 14.0, 122.83600000000003, 7.0774221295610165, 116.11399999999995, 6.44975999553472]
[3.0, 2.0, 0.8, 15.0, 131.3640000000001, 6.7160929118051955, 124.39400000000006, 7.254816606917091]
[3.0, 2.0, 0.8, 16.0, 140.3259999999999, 6.735675467241574, 134.11400000000003, 6.7117958848582395]
[3.0, 2.0, 0.8, 17.0, 148.562, 6.4317770483747365, 144.89200000000002, 7.363391609849364]
[3.0, 2.0, 0.8, 18.0, 155.90000000000003, 8.042710985731116, 152.03999999999996, 8.346927578456633]
[3.0, 2.0, 0.8, 19.0, 166.38400000000001, 7.2865179612761555, 160.03599999999997, 6.79984588060641]
[3.0, 2.0, 0.8, 20.0, 174.828, 8.436872406288954, 167.44199999999998, 7.502761891463703]
[3.0, 2.0, 0.8, 21.0, 184.01399999999995, 8.53942644443993, 177.98799999999994, 7.869781191367395]
[3.0, 2.0, 0.8, 22.0, 191.74200000000005, 9.015200275090951, 188.12399999999997, 6.6947011882532905]
[3.0, 2.0, 0.8, 23.0, 202.19000000000008, 9.511019924277312, 198.278, 8.54320291225721]
[3.0, 2.0, 0.8, 24.0, 208.63600000000008, 8.76909938363114, 205.218, 8.193026058789266]
[3.0, 2.0, 0.8, 25.0, 218.34399999999997, 9.342594072312043, 213.35399999999993, 8.039992786066412]
[3.0, 2.0, 0.8, 26.0, 228.31200000000004, 9.04757735529241, 221.27, 9.709103975135912]
[3.0, 2.0, 0.8, 27.0, 236.7039999999999, 9.143499548859833, 233.26399999999998, 9.921930457325333]
[3.0, 2.0, 0.8, 28.0, 244.71199999999993, 9.539992452827205, 239.224, 9.814368242530946]
[3.0, 2.0, 0.8, 29.0, 253.50599999999991, 9.485460663562943, 247.99399999999991, 9.529006453980392]
[3.0, 2.0, 0.8, 30.0, 261.4519999999998, 8.67643336861409, 256.0100000000001, 10.237514346754296]
[3.0, 2.0, 0.8, 31.0, 269.7499999999999, 10.505289144045484, 265.25000000000006, 10.95661900405413]
[3.0, 2.0, 0.8, 32.0, 279.7220000000001, 11.069485805582836, 273.04400000000004, 8.709148293604832]
[3.0, 2.0, 0.8, 33.0, 288.782, 10.440271835541452, 281.95399999999995, 10.386562665290185]
[3.0, 2.0, 0.8, 34.0, 295.06000000000006, 10.651291001564086, 292.86600000000004, 9.80881460728052]
[3.0, 2.0, 0.8, 35.0, 304.38600000000014, 10.527421526660744, 302.16999999999996, 11.16897040912903]
[3.0, 2.0, 0.8, 36.0, 311.44800000000004, 10.90501242548582, 309.7020000000001, 10.201744752737154]
[3.0, 2.0, 0.8, 37.0, 323.92400000000004, 11.825422783139727, 316.6940000000001, 10.036033280136133]
[3.0, 2.0, 0.8, 38.0, 331.7160000000001, 9.833257039252059, 324.4900000000001, 8.691760466096612]
[3.0, 2.0, 0.8, 39.0, 341.43, 10.821917574995668, 335.088, 11.551461206271703]
[3.0, 2.0, 0.8, 40.0, 349.0, 12.314771617857966, 343.07199999999995, 11.564273258618535]
[3.0, 2.0, 0.8, 41.0, 358.8720000000001, 11.616936601359244, 353.46000000000015, 10.933050809357828]
[3.0, 2.0, 0.8, 42.0, 365.82400000000007, 13.513201841162587, 359.9, 10.47020534660138]
[3.0, 2.0, 0.8, 43.0, 377.3459999999999, 11.283398601485292, 367.7940000000001, 11.815361357148582]
[3.0, 2.0, 0.8, 44.0, 386.86199999999997, 12.401602960907924, 376.4760000000001, 11.175143131074428]
[3.0, 2.0, 0.8, 45.0, 395.074, 13.197171060496267, 387.62600000000003, 11.679337481210142]
[3.0, 2.0, 0.8, 46.0, 403.1140000000001, 12.81284527339655, 395.9939999999999, 11.921726552811053]
[3.0, 2.0, 0.8, 47.0, 411.25999999999993, 14.393984854792654, 403.19, 12.47026463231636]
[3.0, 2.0, 0.8, 48.0, 420.0860000000001, 14.10368051254707, 412.17600000000016, 12.819493905767107]
[3.0, 2.0, 0.8, 49.0, 431.154, 12.790523210564931, 422.6300000000002, 14.352654806689962]
[3.0, 2.0, 0.8, 50.0, 438.65399999999994, 14.16533388240461, 427.98, 10.454032714699146]
[3.0, 2.0, 0.8, 51.0, 446.31799999999987, 13.242540390725651, 437.9499999999999, 11.812277511132232]
[3.0, 2.0, 0.8, 52.0, 453.5099999999999, 13.954078256911137, 448.3580000000002, 12.096554716116492]
[3.0, 2.0, 0.8, 53.0, 464.7520000000001, 13.879167698388837, 457.2239999999999, 11.426330294543398]
[3.0, 2.0, 0.8, 54.0, 475.50599999999986, 14.081944610031677, 464.6020000000002, 13.470189159770543]
[3.0, 2.0, 0.8, 55.0, 484.81200000000007, 14.613742025915208, 475.0060000000002, 10.985825594829006]
[3.0, 2.0, 0.8, 56.0, 488.7400000000001, 14.299356628883702, 481.31399999999996, 14.777259691837324]
[3.0, 2.0, 0.8, 57.0, 498.72600000000006, 13.341084063898272, 494.4540000000002, 15.970819766060854]
[3.0, 2.0, 0.8, 58.0, 508.66199999999975, 13.45798484172129, 500.5220000000001, 14.330049406753627]
[3.0, 2.0, 0.8, 59.0, 516.5980000000003, 12.797546483603805, 508.73200000000026, 15.2510254081488]
[3.0, 2.0, 0.8, 60.0, 526.0340000000001, 13.128687824759952, 516.6320000000001, 12.273832979147144]
[3.0, 2.0, 0.8, 61.0, 532.7599999999999, 13.686080520002811, 527.7720000000002, 13.579514571589097]
[3.0, 2.0, 0.8, 62.0, 545.7660000000001, 14.288430424647785, 536.0760000000002, 13.924217177277884]
[3.0, 2.0, 0.8, 63.0, 557.1700000000002, 15.123607373903889, 547.7500000000001, 13.872025807357776]
[3.0, 2.0, 0.8, 64.0, 559.9, 16.1031301305057, 547.8219999999999, 14.679397671566766]
[3.0, 2.0, 0.8, 65.0, 569.604, 14.83126373577115, 556.3240000000001, 13.909069846686377]
[3.0, 2.0, 0.8, 66.0, 572.5879999999999, 16.476645775157042, 571.4480000000002, 15.270340402230726]
[3.0, 2.0, 0.8, 67.0, 589.0520000000001, 14.32470928151775, 582.1959999999999, 14.762763426946858]
[3.0, 2.0, 0.8, 68.0, 598.7040000000002, 14.905179770804537, 588.5620000000002, 15.708868705288744]
[3.0, 2.0, 0.8, 69.0, 603.1459999999997, 14.208866386872677, 593.4939999999999, 15.723191915129696]
[3.0, 2.0, 0.8, 70.0, 613.8040000000002, 14.732059733791484, 607.016, 15.283577591650456]
[3.0, 2.0, 0.8, 71.0, 623.3459999999999, 17.12336076826042, 613.3820000000002, 15.576060991149193]
[3.0, 2.0, 0.8, 72.0, 630.7579999999997, 15.906584674278783, 622.382, 14.482212400044416]
[3.0, 2.0, 0.8, 73.0, 639.0259999999997, 15.976273783332582, 629.7500000000001, 13.415256240564322]
[3.0, 2.0, 0.8, 74.0, 646.4119999999999, 16.876393453578896, 640.762, 16.509238504546474]
[3.0, 2.0, 0.8, 75.0, 659.2860000000002, 15.78293394778043, 644.9599999999998, 13.266619765411255]
[3.0, 2.0, 0.8, 76.0, 666.5980000000001, 15.74236310088166, 656.8500000000001, 15.800009493668039]
[3.0, 2.0, 0.8, 77.0, 674.0579999999999, 16.705024274151782, 663.3919999999999, 16.927041560768977]
[3.0, 2.0, 0.8, 78.0, 681.8439999999998, 16.79856136697426, 673.8639999999997, 17.09776312854989]
[3.0, 2.0, 0.8, 79.0, 692.1080000000001, 16.624185273269802, 682.1139999999998, 17.264698201822117]
[3.0, 2.0, 0.8, 80.0, 700.982, 17.818531813816765, 688.512, 15.854521626337412]
[3.0, 2.0, 0.8, 81.0, 712.8019999999997, 17.65313558549871, 697.5639999999999, 15.526322938802997]
[3.0, 2.0, 0.8, 82.0, 719.0859999999999, 17.884345221449948, 706.7, 18.444478848696143]
[3.0, 2.0, 0.8, 83.0, 727.63, 17.204147755701243, 718.7420000000001, 19.069017698874795]
[3.0, 2.0, 0.8, 84.0, 733.5379999999998, 16.06037845133172, 724.3839999999999, 16.400309265376688]
[3.0, 2.0, 0.8, 85.0, 744.7819999999999, 18.942884574425324, 735.3880000000001, 18.518419370993858]
[3.0, 2.0, 0.8, 86.0, 755.0259999999996, 18.549989865226358, 744.2519999999997, 16.52316240917582]
[3.0, 2.0, 0.8, 87.0, 762.3300000000002, 17.227382273578268, 751.6619999999998, 14.675249776409274]
[3.0, 2.0, 0.8, 88.0, 771.528, 20.11008741900442, 756.1840000000001, 14.00881665238002]
[3.0, 2.0, 0.8, 89.0, 780.924, 17.466488599601256, 767.2159999999999, 15.59888919122129]
[3.0, 2.0, 0.8, 90.0, 787.6220000000001, 19.008416977749626, 777.1760000000002, 17.17477871764293]
[3.0, 2.0, 0.8, 91.0, 797.8000000000002, 17.151932835689383, 785.2939999999996, 17.113888044509334]
[3.0, 2.0, 0.8, 92.0, 805.7960000000004, 18.168103478349074, 793.944, 17.30514559314657]
[3.0, 2.0, 0.8, 93.0, 818.5019999999998, 18.465481201420108, 801.67, 17.08822694137693]
[3.0, 2.0, 0.8, 94.0, 823.918, 18.363640053104934, 811.7539999999998, 13.888984268116914]
[3.0, 2.0, 0.8, 95.0, 832.8099999999998, 17.18083525326985, 819.7140000000003, 16.332525952834114]
[3.0, 2.0, 0.8, 96.0, 841.2760000000001, 18.582675372507577, 829.4680000000001, 16.31407294332105]
[3.0, 2.0, 0.8, 97.0, 851.674, 18.746939056816714, 838.336, 17.064017815274312]
[3.0, 2.0, 0.8, 98.0, 857.5319999999998, 20.127378766247716, 845.7040000000004, 17.36348997177697]
[3.0, 2.0, 0.8, 99.0, 870.6999999999996, 18.420890315074328, 856.9619999999999, 19.21925482426413]
[3.0, 2.0, 0.8, 100.0, 874.1980000000002, 19.50926948914286, 860.4699999999997, 16.460531583153656]
[4.0, 1.0, 0.8, 1.0, 8.136000000000001, 1.7197395151592012, 7.608000000000001, 1.5491726824340781]
[4.0, 1.0, 0.8, 2.0, 15.975999999999997, 2.5030029964025218, 16.152, 2.369661579213369]
[4.0, 1.0, 0.8, 3.0, 23.959999999999994, 2.865239955047396, 23.688, 2.791747839615893]
[4.0, 1.0, 0.8, 4.0, 31.920000000000005, 3.531798408743058, 32.26400000000002, 2.9891644317434256]
[4.0, 1.0, 0.8, 5.0, 42.69000000000001, 4.365352219466373, 40.6, 3.7358800837286]
[4.0, 1.0, 0.8, 6.0, 49.68599999999999, 3.995022402940941, 47.367999999999995, 3.876980268198433]
[4.0, 1.0, 0.8, 7.0, 58.336000000000006, 4.153252219646672, 56.44799999999999, 4.644577052864984]
[4.0, 1.0, 0.8, 8.0, 65.35999999999999, 4.325921867070648, 64.32799999999999, 4.146277366506008]
[4.0, 1.0, 0.8, 9.0, 74.33200000000004, 4.83348487118766, 72.29599999999998, 4.6684027247014575]
[4.0, 1.0, 0.8, 10.0, 82.94200000000001, 5.307149517396322, 80.34400000000004, 5.005283608348283]
[4.0, 1.0, 0.8, 11.0, 92.96, 5.365146782707813, 90.90999999999998, 5.869335567166016]
[4.0, 1.0, 0.8, 12.0, 100.22399999999998, 6.038097713684338, 98.93000000000005, 5.676222335321266]
[4.0, 1.0, 0.8, 13.0, 108.99599999999995, 6.332012634226183, 106.67400000000002, 5.780425935863205]
[4.0, 1.0, 0.8, 14.0, 115.77, 6.596324734274382, 115.10799999999999, 5.9783221726501194]
[4.0, 1.0, 0.8, 15.0, 126.40599999999999, 6.449028143836866, 123.24800000000005, 6.476117355329502]
[4.0, 1.0, 0.8, 16.0, 133.946, 6.750754328221404, 131.39600000000002, 7.572792351570194]
[4.0, 1.0, 0.8, 17.0, 142.54000000000005, 7.013102024068953, 140.23399999999995, 7.974863259015793]
[4.0, 1.0, 0.8, 18.0, 150.226, 7.686593783985204, 148.69200000000004, 7.241625231948972]
[4.0, 1.0, 0.8, 19.0, 159.17400000000004, 7.288821852672761, 155.87999999999994, 7.4841699606569625]
[4.0, 1.0, 0.8, 20.0, 168.08599999999996, 7.137184598985794, 163.56600000000003, 7.988143964651613]
[4.0, 1.0, 0.8, 21.0, 176.82200000000003, 8.1167429428312, 172.082, 7.664833722919241]
[4.0, 1.0, 0.8, 22.0, 185.12800000000004, 8.616984159205588, 181.78999999999994, 7.492202613384132]
[4.0, 1.0, 0.8, 23.0, 191.62400000000005, 8.376599787503281, 189.48400000000004, 7.911317462976697]
[4.0, 1.0, 0.8, 24.0, 201.524, 7.4120863459622495, 200.21000000000006, 8.75385058131563]
[4.0, 1.0, 0.8, 25.0, 208.42, 8.748737051712093, 207.09200000000007, 9.578660449144234]
[4.0, 1.0, 0.8, 26.0, 217.29599999999994, 9.367581544881265, 214.85800000000003, 7.466956274145445]
[4.0, 1.0, 0.8, 27.0, 227.60599999999994, 10.460916021075784, 223.06, 9.257623885209423]
[4.0, 1.0, 0.8, 28.0, 235.01999999999995, 8.5960223359412, 231.35799999999995, 8.232146500154135]
[4.0, 1.0, 0.8, 29.0, 242.70799999999988, 9.07556808139304, 241.048, 9.580944421089193]
[4.0, 1.0, 0.8, 30.0, 250.44599999999994, 9.429776455462772, 247.86399999999995, 9.653263903986048]
[4.0, 1.0, 0.8, 31.0, 257.994, 10.251651769349175, 257.52799999999985, 9.244437029911559]
[4.0, 1.0, 0.8, 32.0, 269.082, 10.814253372286043, 264.22799999999995, 9.470333468257602]
[4.0, 1.0, 0.8, 33.0, 275.61400000000015, 10.960921676574461, 272.0200000000001, 9.994538508605588]
[4.0, 1.0, 0.8, 34.0, 282.834, 9.572713512896959, 282.74799999999993, 9.82831094339206]
[4.0, 1.0, 0.8, 35.0, 291.96, 9.561840826953777, 291.95199999999994, 10.292370766737854]
[4.0, 1.0, 0.8, 36.0, 301.3299999999999, 11.005030667835516, 301.136, 9.860745610753783]
[4.0, 1.0, 0.8, 37.0, 308.8340000000002, 9.102441650458408, 306.0960000000001, 10.435879646680483]
[4.0, 1.0, 0.8, 38.0, 319.05400000000003, 10.602937517499578, 315.25800000000004, 10.186826591240282]
[4.0, 1.0, 0.8, 39.0, 329.0280000000001, 10.399500757247928, 323.9639999999999, 10.79931034835095]
[4.0, 1.0, 0.8, 40.0, 336.12200000000007, 11.40683637122932, 331.0939999999999, 9.88285201750993]
[4.0, 1.0, 0.8, 41.0, 342.532, 12.170561860489434, 339.49199999999996, 10.2000949015193]
[4.0, 1.0, 0.8, 42.0, 350.21, 10.926165841684824, 349.63600000000014, 10.705339975918564]
[4.0, 1.0, 0.8, 43.0, 358.31200000000007, 12.353827585003767, 355.41600000000005, 11.493117244681715]
[4.0, 1.0, 0.8, 44.0, 369.45799999999997, 11.590040379567279, 363.598, 10.34595553827679]
[4.0, 1.0, 0.8, 45.0, 375.61600000000016, 11.30970132231618, 374.662, 11.259722731932618]
[4.0, 1.0, 0.8, 46.0, 384.63399999999996, 12.488364344460807, 382.48999999999984, 12.789882720337985]
[4.0, 1.0, 0.8, 47.0, 391.976, 13.42067896941136, 389.79, 11.689495284228487]
[4.0, 1.0, 0.8, 48.0, 397.73400000000004, 12.334376514441256, 397.8320000000001, 11.257947237396344]
[4.0, 1.0, 0.8, 49.0, 409.014, 11.941063771708125, 406.47799999999995, 13.193207191581585]
[4.0, 1.0, 0.8, 50.0, 418.5060000000001, 12.371142388639798, 413.38, 12.429336265464864]
[4.0, 1.0, 0.8, 51.0, 424.82399999999984, 11.803331055257251, 422.8380000000001, 12.212409917784463]
[4.0, 1.0, 0.8, 52.0, 436.9040000000002, 12.839049185979478, 430.9859999999998, 12.532270504581371]
[4.0, 1.0, 0.8, 53.0, 440.50000000000017, 13.938393020718012, 439.7300000000003, 12.406042882402128]
[4.0, 1.0, 0.8, 54.0, 453.50600000000014, 12.884019714359344, 448.526, 12.98933885923376]
[4.0, 1.0, 0.8, 55.0, 461.83799999999997, 13.336677097388234, 458.16599999999994, 13.007476465479392]
[4.0, 1.0, 0.8, 56.0, 469.61199999999974, 13.549843393928963, 467.33799999999997, 12.65381191578254]
[4.0, 1.0, 0.8, 57.0, 476.0479999999999, 14.042510316891365, 473.6460000000001, 13.23591643974834]
[4.0, 1.0, 0.8, 58.0, 485.0539999999998, 14.010135045744557, 481.1040000000001, 12.341263468543254]
[4.0, 1.0, 0.8, 59.0, 495.376, 14.452163298274776, 490.4599999999999, 12.695684306093957]
[4.0, 1.0, 0.8, 60.0, 503.1919999999999, 13.766711154084701, 496.5060000000001, 11.658694781149391]
[4.0, 1.0, 0.8, 61.0, 514.1280000000002, 15.353579908281992, 507.4060000000002, 12.158403020133845]
[4.0, 1.0, 0.8, 62.0, 519.9920000000003, 13.897767302700107, 515.9220000000001, 13.329242889226693]
[4.0, 1.0, 0.8, 63.0, 529.8459999999999, 12.532959905784434, 522.2419999999998, 14.085007490235869]
[4.0, 1.0, 0.8, 64.0, 537.9300000000001, 13.291422045815871, 535.8699999999999, 15.296859154741556]
[4.0, 1.0, 0.8, 65.0, 544.6060000000001, 13.30550126827246, 540.5279999999999, 15.727339762337415]
[4.0, 1.0, 0.8, 66.0, 551.008, 15.533445722054092, 546.822, 13.789094096422724]
[4.0, 1.0, 0.8, 67.0, 560.3579999999998, 14.230566959893078, 555.9720000000001, 14.078807335850568]
[4.0, 1.0, 0.8, 68.0, 568.0840000000001, 13.191093358778122, 566.478, 15.013404543940071]
[4.0, 1.0, 0.8, 69.0, 579.262, 15.46109168202555, 573.6719999999998, 13.697898232940728]
[4.0, 1.0, 0.8, 70.0, 588.8659999999998, 15.013062445750355, 583.8540000000002, 14.804508907761846]
[4.0, 1.0, 0.8, 71.0, 591.8240000000002, 14.04841001679548, 590.752, 13.119729265499352]
[4.0, 1.0, 0.8, 72.0, 604.2260000000001, 15.13551201644662, 599.1320000000001, 14.437374276508878]
[4.0, 1.0, 0.8, 73.0, 611.3620000000001, 15.025223991674807, 606.1659999999999, 15.437514178131147]
[4.0, 1.0, 0.8, 74.0, 619.154, 15.34944572289173, 616.6239999999999, 15.173510602362263]
[4.0, 1.0, 0.8, 75.0, 629.27, 15.068228163921578, 621.4140000000002, 14.47760353097157]
[4.0, 1.0, 0.8, 76.0, 635.7959999999999, 15.01649706156535, 632.5200000000003, 14.0690866796676]
[4.0, 1.0, 0.8, 77.0, 643.004, 14.95727194377371, 641.6960000000001, 14.650801479782617]
[4.0, 1.0, 0.8, 78.0, 655.5280000000004, 16.932253718864484, 649.0439999999999, 14.680397269828914]
[4.0, 1.0, 0.8, 79.0, 660.6440000000001, 16.635542191344385, 656.582, 15.456315084780075]
[4.0, 1.0, 0.8, 80.0, 668.6239999999999, 15.715935352374053, 666.4200000000002, 18.720993563376915]
[4.0, 1.0, 0.8, 81.0, 680.706, 16.627410020806025, 675.3099999999998, 16.40308202747278]
[4.0, 1.0, 0.8, 82.0, 687.27, 16.624400741079352, 682.854, 14.086925995404409]
[4.0, 1.0, 0.8, 83.0, 696.7139999999999, 19.00040536409683, 690.9799999999999, 16.95713419183796]
[4.0, 1.0, 0.8, 84.0, 706.0960000000002, 16.10797268435726, 698.3620000000001, 15.978803334417757]
[4.0, 1.0, 0.8, 85.0, 712.9620000000001, 15.230724079964197, 706.9620000000002, 16.915736933400222]
[4.0, 1.0, 0.8, 86.0, 723.2080000000003, 13.498175284089305, 715.5319999999997, 17.694456080931133]
[4.0, 1.0, 0.8, 87.0, 731.0659999999998, 15.957344515927472, 724.0620000000001, 17.95469175452476]
[4.0, 1.0, 0.8, 88.0, 736.1559999999996, 15.110488542730838, 733.9759999999999, 16.945590104803077]
[4.0, 1.0, 0.8, 89.0, 746.158, 16.66947617653299, 743.0260000000002, 15.696844396247315]
[4.0, 1.0, 0.8, 90.0, 755.334, 18.761984010226648, 750.1919999999998, 18.705355810569344]
[4.0, 1.0, 0.8, 91.0, 760.4600000000002, 17.709105002794463, 756.4020000000002, 18.0032773683016]
[4.0, 1.0, 0.8, 92.0, 767.1060000000003, 17.619908172291936, 766.5980000000001, 19.553546890526047]
[4.0, 1.0, 0.8, 93.0, 779.4979999999997, 16.816622609787032, 772.9059999999996, 17.367013675355945]
[4.0, 1.0, 0.8, 94.0, 786.99, 16.325179937752633, 782.8619999999999, 16.639608048268443]
[4.0, 1.0, 0.8, 95.0, 799.5579999999995, 19.3144773680263, 789.7979999999999, 18.272175458877356]
[4.0, 1.0, 0.8, 96.0, 804.7060000000002, 16.158526046641768, 797.5260000000001, 16.06794709973864]
[4.0, 1.0, 0.8, 97.0, 815.9119999999998, 18.29767897849337, 812.7739999999995, 16.6546247030667]
[4.0, 1.0, 0.8, 98.0, 822.5859999999998, 17.917237621910335, 816.1199999999999, 15.593254952061795]
[4.0, 1.0, 0.8, 99.0, 831.6440000000001, 19.232588593322543, 824.1700000000003, 20.207649541695826]
[4.0, 1.0, 0.8, 100.0, 839.2179999999996, 20.52727151864075, 835.0700000000002, 17.044116286859825]
