[1.0, 4.0, 0.4, 1.0, 3.9840000000000004, 0.7286590423510851, 3.8720000000000003, 0.7130329585650306]
[1.0, 4.0, 0.4, 2.0, 9.828000000000001, 2.1333579165250263, 8.2, 1.0015987220439135]
[1.0, 4.0, 0.4, 3.0, 20.358, 2.6935916542787255, 12.208000000000002, 1.2059585399175217]
[1.0, 4.0, 0.4, 4.0, 29.738000000000014, 3.3736265353473853, 15.803999999999998, 1.5894602857574018]
[1.0, 4.0, 0.4, 5.0, 39.572, 4.704382637498782, 19.727999999999998, 1.7507758280259633]
[1.0, 4.0, 0.4, 6.0, 47.066000000000024, 5.763821995863508, 23.971999999999998, 2.405497038036007]
[1.0, 4.0, 0.4, 7.0, 55.74000000000003, 4.761218331477775, 28.39199999999999, 2.295721237432803]
[1.0, 4.0, 0.4, 8.0, 60.33200000000001, 5.138655076963233, 32.123999999999995, 2.1789502059478094]
[1.0, 4.0, 0.4, 9.0, 70.35799999999998, 5.388676646450408, 35.888, 2.5537924739492843]
[1.0, 4.0, 0.4, 10.0, 79.73799999999999, 6.440415825084588, 39.66400000000001, 2.383758377017269]
[1.0, 4.0, 0.4, 11.0, 91.09399999999998, 6.575253911447072, 43.92000000000001, 2.768970927980285]
[1.0, 4.0, 0.4, 12.0, 100.33199999999997, 6.799777643423348, 48.22000000000002, 2.9215749177455645]
[1.0, 4.0, 0.4, 13.0, 103.76799999999997, 7.741096563149179, 51.692, 3.015084741761001]
[1.0, 4.0, 0.4, 14.0, 112.38800000000005, 7.08902362811692, 56.05199999999999, 2.630075284093594]
[1.0, 4.0, 0.4, 15.0, 120.57800000000002, 7.024408587205046, 60.084000000000024, 3.1093639220908185]
[1.0, 4.0, 0.4, 16.0, 131.17399999999995, 7.473133479337836, 66.28399999999999, 5.025389935119464]
[1.0, 4.0, 0.4, 17.0, 140.19000000000003, 9.237894781821236, 72.45599999999999, 6.635123510530908]
[1.0, 4.0, 0.4, 18.0, 152.40799999999996, 9.587530234632899, 76.27199999999999, 7.293697004948862]
[1.0, 4.0, 0.4, 19.0, 154.54, 8.891546547142406, 82.54400000000001, 7.819160057192846]
[1.0, 4.0, 0.4, 20.0, 163.90399999999997, 8.457256292675542, 87.41200000000002, 7.609405758664733]
[1.0, 4.0, 0.4, 21.0, 171.332, 9.52622569541579, 91.73400000000001, 7.2191996786347445]
[1.0, 4.0, 0.4, 22.0, 179.4759999999999, 10.6625242789876, 97.92200000000001, 6.824186105316882]
[1.0, 4.0, 0.4, 23.0, 190.69800000000015, 10.289820017862315, 105.00999999999998, 7.075895703018807]
[1.0, 4.0, 0.4, 24.0, 196.7920000000001, 10.729694124251635, 111.564, 8.055079391290938]
[1.0, 4.0, 0.4, 25.0, 202.47199999999998, 10.029656823640583, 117.96600000000007, 9.391445256189272]
[1.0, 4.0, 0.4, 26.0, 211.52, 9.611992509360379, 126.26600000000002, 8.522912882342517]
[1.0, 4.0, 0.4, 27.0, 221.592, 11.064209687094689, 133.62600000000003, 9.422426651346244]
[1.0, 4.0, 0.4, 28.0, 231.11399999999986, 11.005099000009043, 137.626, 9.867467962957873]
[1.0, 4.0, 0.4, 29.0, 239.12999999999994, 10.707768208174851, 145.25800000000004, 9.218949831732461]
[1.0, 4.0, 0.4, 30.0, 246.452, 11.864455149731915, 151.00599999999997, 8.370206926952283]
[1.0, 4.0, 0.4, 31.0, 252.97999999999985, 10.814083410072255, 159.16199999999998, 10.143399627343879]
[1.0, 4.0, 0.4, 32.0, 260.6780000000001, 10.278205874567796, 167.46400000000003, 9.047115783496968]
[1.0, 4.0, 0.4, 33.0, 271.976, 13.101733625745872, 176.65799999999996, 11.92118433713698]
[1.0, 4.0, 0.4, 34.0, 280.81200000000007, 12.678259186497176, 184.636, 11.220316573074044]
[1.0, 4.0, 0.4, 35.0, 290.78200000000004, 11.504541538018797, 189.18200000000002, 9.47325055089329]
[1.0, 4.0, 0.4, 36.0, 296.0899999999999, 11.95800568656831, 198.53400000000002, 10.09514952836262]
[1.0, 4.0, 0.4, 37.0, 304.96999999999997, 11.647261480708682, 206.664, 10.534927811807727]
[1.0, 4.0, 0.4, 38.0, 311.61000000000007, 11.98236621039433, 213.87999999999994, 11.114782948847905]
[1.0, 4.0, 0.4, 39.0, 320.56, 14.78699428551996, 221.324, 8.59980371869033]
[1.0, 4.0, 0.4, 40.0, 329.50999999999993, 13.802184609691325, 228.384, 10.432705497616618]
[1.0, 4.0, 0.4, 41.0, 337.74800000000005, 13.940548626219838, 235.9719999999999, 11.478293252918746]
[1.0, 4.0, 0.4, 42.0, 347.20799999999997, 15.009728045504353, 244.08999999999992, 10.556187758845518]
[1.0, 4.0, 0.4, 43.0, 354.8059999999999, 16.53924919698594, 250.89200000000005, 10.657370032048243]
[1.0, 4.0, 0.4, 44.0, 361.05000000000007, 12.905762278920225, 257.58600000000007, 10.602914882238752]
[1.0, 4.0, 0.4, 45.0, 371.23000000000013, 14.520946938819112, 263.15999999999997, 9.693090322492605]
[1.0, 4.0, 0.4, 46.0, 382.5539999999999, 13.245100377120597, 273.3540000000001, 12.053177340436005]
[1.0, 4.0, 0.4, 47.0, 386.13599999999997, 15.382636445031128, 280.89599999999984, 10.849755020275795]
[1.0, 4.0, 0.4, 48.0, 394.9099999999999, 13.476153011894748, 286.4780000000001, 10.103816902537382]
[1.0, 4.0, 0.4, 49.0, 403.39799999999997, 16.516040566673357, 293.49399999999997, 10.621730744092513]
[1.0, 4.0, 0.4, 50.0, 414.65799999999996, 16.555078858163125, 302.0659999999999, 11.442414255741655]
[1.0, 4.0, 0.4, 51.0, 420.19, 15.850536268530472, 307.87999999999994, 11.066200793406919]
[1.0, 4.0, 0.4, 52.0, 432.204, 15.335657273165692, 315.93799999999993, 11.627818196033164]
[1.0, 4.0, 0.4, 53.0, 438.66399999999993, 13.83279812619269, 323.118, 11.260980241524269]
[1.0, 4.0, 0.4, 54.0, 447.6439999999998, 18.15353585393214, 332.9280000000001, 10.817819373607595]
[1.0, 4.0, 0.4, 55.0, 453.89999999999986, 17.012007524098973, 337.2159999999999, 11.77413028635237]
[1.0, 4.0, 0.4, 56.0, 461.6819999999999, 14.893679061937656, 346.974, 11.821392642155157]
[1.0, 4.0, 0.4, 57.0, 470.31399999999985, 16.297637988371196, 354.4879999999999, 11.990473551949473]
[1.0, 4.0, 0.4, 58.0, 480.30199999999974, 17.186797141992447, 359.81800000000004, 13.055576433080235]
[1.0, 4.0, 0.4, 59.0, 486.7799999999999, 16.50366020008895, 366.6020000000001, 12.197393000145565]
[1.0, 4.0, 0.4, 60.0, 495.9479999999998, 16.73256991618442, 372.8779999999999, 12.14073786884471]
[1.0, 4.0, 0.4, 61.0, 503.426, 19.19213703577588, 383.33600000000007, 11.00450380526083]
[1.0, 4.0, 0.4, 62.0, 508.5180000000002, 18.552090879466927, 390.10799999999995, 12.141381140545747]
[1.0, 4.0, 0.4, 63.0, 523.11, 19.252540092154074, 394.5819999999999, 11.081230798065722]
[1.0, 4.0, 0.4, 64.0, 530.5320000000002, 18.472600683173983, 401.2299999999998, 12.416678299770831]
[1.0, 4.0, 0.4, 65.0, 537.1640000000001, 19.92825893047357, 410.19600000000014, 12.863031679973423]
[1.0, 4.0, 0.4, 66.0, 545.852, 17.998924856779638, 418.18599999999986, 13.465667603204828]
[1.0, 4.0, 0.4, 67.0, 552.0319999999999, 19.7604396712219, 421.61199999999997, 10.543540961176184]
[1.0, 4.0, 0.4, 68.0, 563.808, 17.893483059482858, 431.67600000000004, 13.82171566774545]
[1.0, 4.0, 0.4, 69.0, 575.1499999999997, 20.5637034602233, 438.7619999999999, 11.40447964617413]
[1.0, 4.0, 0.4, 70.0, 579.9680000000003, 19.718959810294255, 445.684, 13.386386517652927]
[1.0, 4.0, 0.4, 71.0, 587.54, 22.35720018249155, 452.9260000000002, 12.630460165805525]
[1.0, 4.0, 0.4, 72.0, 595.8560000000001, 19.32954381251665, 459.70999999999987, 15.12913414574674]
[1.0, 4.0, 0.4, 73.0, 602.5959999999999, 23.371743281150437, 466.5619999999999, 13.549662578824616]
[1.0, 4.0, 0.4, 74.0, 611.3320000000001, 19.837786570078816, 472.14799999999997, 14.81317305643864]
[1.0, 4.0, 0.4, 75.0, 622.5280000000001, 20.46678323528151, 479.30799999999994, 12.320175972769217]
[1.0, 4.0, 0.4, 76.0, 626.682, 19.726309234116744, 487.71599999999984, 13.01909920078958]
[1.0, 4.0, 0.4, 77.0, 641.6580000000001, 24.335838510312325, 496.01599999999996, 13.21912795913558]
[1.0, 4.0, 0.4, 78.0, 642.2580000000002, 17.561897277913914, 503.25800000000004, 13.323191659658736]
[1.0, 4.0, 0.4, 79.0, 649.7360000000001, 17.882704046088786, 509.04200000000026, 12.288963992135368]
[1.0, 4.0, 0.4, 80.0, 663.6300000000001, 21.5547929704741, 516.0680000000001, 12.877397873794218]
[1.0, 4.0, 0.4, 81.0, 669.7479999999997, 20.61928456566814, 520.4, 15.372911240230344]
[1.0, 4.0, 0.4, 82.0, 675.0260000000001, 19.33638342607015, 530.1759999999999, 14.466354896794135]
[1.0, 4.0, 0.4, 83.0, 690.4159999999999, 22.674879139699975, 538.1600000000002, 15.269132260871935]
[1.0, 4.0, 0.4, 84.0, 694.9440000000001, 22.065449553544106, 543.2180000000002, 14.119096146708552]
[1.0, 4.0, 0.4, 85.0, 705.306, 21.892856460498727, 552.2199999999998, 15.496851293085316]
[1.0, 4.0, 0.4, 86.0, 711.5639999999999, 20.966265857324228, 556.91, 14.418248853449564]
[1.0, 4.0, 0.4, 87.0, 720.2880000000001, 23.54020084876082, 565.828, 12.920898420775545]
[1.0, 4.0, 0.4, 88.0, 730.7639999999999, 23.51947924593569, 572.1479999999998, 17.006389857932817]
[1.0, 4.0, 0.4, 89.0, 736.314, 21.23913849476952, 579.5079999999999, 14.78064734712251]
[1.0, 4.0, 0.4, 90.0, 745.6779999999998, 25.262698114017823, 585.896, 14.712348011109587]
[1.0, 4.0, 0.4, 91.0, 754.6100000000002, 23.349558882342947, 591.338, 13.837852290005115]
[1.0, 4.0, 0.4, 92.0, 762.9359999999996, 23.344890318868497, 600.1220000000003, 14.317454941434258]
[1.0, 4.0, 0.4, 93.0, 771.936, 21.17124238206157, 607.2279999999997, 12.343646786910266]
[1.0, 4.0, 0.4, 94.0, 779.2440000000001, 21.555353488170862, 613.966, 15.642200740305055]
[1.0, 4.0, 0.4, 95.0, 789.0560000000002, 20.369606378131138, 619.18, 13.997471200184695]
[1.0, 4.0, 0.4, 96.0, 795.7139999999999, 22.51780193535772, 627.3460000000002, 15.610915540095675]
[1.0, 4.0, 0.4, 97.0, 806.7459999999998, 25.637766751415786, 634.8400000000003, 15.187442180959884]
[1.0, 4.0, 0.4, 98.0, 810.9719999999999, 23.270909221601134, 640.1360000000001, 14.871257646883809]
[1.0, 4.0, 0.4, 99.0, 819.694, 25.90809070541479, 645.28, 13.730375085918086]
[1.0, 4.0, 0.4, 100.0, 829.4139999999996, 23.019265930954454, 651.072, 16.199716540729952]
[2.0, 3.0, 0.4, 1.0, 3.9320000000000004, 0.7920707039147452, 3.987999999999999, 0.9640829839801138]
[2.0, 3.0, 0.4, 2.0, 8.068000000000001, 1.2106923638976175, 8.123999999999997, 1.0177543908035969]
[2.0, 3.0, 0.4, 3.0, 13.084000000000001, 1.958199172709457, 11.947999999999997, 1.4440554005992987]
[2.0, 3.0, 0.4, 4.0, 17.751999999999995, 3.0076063572216363, 15.887999999999998, 1.4870964998950138]
[2.0, 3.0, 0.4, 5.0, 27.726, 4.29740898681985, 20.031999999999996, 1.6777890213015458]
[2.0, 3.0, 0.4, 6.0, 34.843999999999994, 5.741050774901751, 24.296, 2.2217974705179593]
[2.0, 3.0, 0.4, 7.0, 42.00999999999999, 5.7859398545093805, 27.664, 2.0519025317982327]
[2.0, 3.0, 0.4, 8.0, 48.808000000000014, 4.915031637741511, 31.708000000000002, 2.087567004912657]
[2.0, 3.0, 0.4, 9.0, 58.754000000000005, 5.291718435442308, 36.18800000000001, 2.1093733666660346]
[2.0, 3.0, 0.4, 10.0, 62.10800000000001, 5.310398855076707, 39.94399999999999, 2.6436459672202712]
[2.0, 3.0, 0.4, 11.0, 65.762, 5.361767991996671, 43.956000000000024, 3.2682203108113757]
[2.0, 3.0, 0.4, 12.0, 77.26800000000001, 5.673673941988558, 48.040000000000006, 2.895790047638121]
[2.0, 3.0, 0.4, 13.0, 86.77400000000003, 6.025655483015935, 51.836000000000006, 2.9087976897680603]
[2.0, 3.0, 0.4, 14.0, 91.26, 7.040539752036061, 56.17600000000003, 3.2825940961379936]
[2.0, 3.0, 0.4, 15.0, 100.36199999999997, 6.080703577712038, 60.37200000000001, 3.5809518287740207]
[2.0, 3.0, 0.4, 16.0, 105.10399999999996, 5.850024273453915, 66.9, 5.183859565999064]
[2.0, 3.0, 0.4, 17.0, 109.57199999999995, 6.499231954623561, 73.41000000000003, 7.263573500695096]
[2.0, 3.0, 0.4, 18.0, 116.04599999999996, 7.84998624202616, 77.32000000000001, 7.700649323271383]
[2.0, 3.0, 0.4, 19.0, 123.76000000000009, 8.597534530317398, 81.76799999999999, 7.670291780629993]
[2.0, 3.0, 0.4, 20.0, 132.6, 7.575539584742465, 86.91799999999999, 7.450052080354873]
[2.0, 3.0, 0.4, 21.0, 143.53400000000002, 8.277490199329742, 90.79999999999997, 8.833300628870273]
[2.0, 3.0, 0.4, 22.0, 145.97799999999998, 8.120684453911505, 96.63599999999997, 6.86518055115814]
[2.0, 3.0, 0.4, 23.0, 151.47799999999998, 8.209014313545813, 101.97599999999997, 7.753620057753668]
[2.0, 3.0, 0.4, 24.0, 160.834, 8.90411388067336, 109.56400000000002, 8.152417064895541]
[2.0, 3.0, 0.4, 25.0, 166.83599999999996, 9.047491586069587, 116.45, 8.377416069409469]
[2.0, 3.0, 0.4, 26.0, 174.01399999999998, 10.02657488876436, 121.40800000000003, 9.119821050875943]
[2.0, 3.0, 0.4, 27.0, 181.62200000000004, 9.912735041349592, 128.14, 8.185523807307632]
[2.0, 3.0, 0.4, 28.0, 188.52799999999996, 9.079229923291955, 135.212, 7.915595745109779]
[2.0, 3.0, 0.4, 29.0, 194.608, 9.386582764776541, 138.51000000000005, 9.293626848545191]
[2.0, 3.0, 0.4, 30.0, 201.06800000000007, 10.947555708924256, 143.80199999999996, 8.302505404996735]
[2.0, 3.0, 0.4, 31.0, 206.854, 9.967782300993541, 151.41000000000005, 8.82244297232915]
[2.0, 3.0, 0.4, 32.0, 214.32399999999996, 10.108799335232643, 160.19600000000003, 8.629529767026709]
[2.0, 3.0, 0.4, 33.0, 224.14600000000007, 11.893791825990567, 166.262, 9.264801994646186]
[2.0, 3.0, 0.4, 34.0, 228.9619999999999, 8.928816046934777, 173.99, 10.250751191985884]
[2.0, 3.0, 0.4, 35.0, 233.474, 10.43975689372123, 179.528, 10.428749493587423]
[2.0, 3.0, 0.4, 36.0, 243.082, 10.14712156229539, 186.748, 10.455873755932595]
[2.0, 3.0, 0.4, 37.0, 247.40599999999998, 9.325339886567136, 191.84399999999997, 9.09463930015919]
[2.0, 3.0, 0.4, 38.0, 254.3660000000001, 11.745809635780752, 197.38800000000006, 9.457983717473828]
[2.0, 3.0, 0.4, 39.0, 263.4699999999999, 11.879036156187086, 206.72999999999993, 11.33572670806773]
[2.0, 3.0, 0.4, 40.0, 269.068, 11.616995136436959, 211.68600000000012, 9.168347942786635]
[2.0, 3.0, 0.4, 41.0, 276.006, 10.624931246836377, 221.69800000000006, 10.465084615042535]
[2.0, 3.0, 0.4, 42.0, 282.4779999999999, 11.073351615477584, 226.016, 9.91918061132067]
[2.0, 3.0, 0.4, 43.0, 288.166, 10.920441566163891, 232.39999999999998, 11.428560714280689]
[2.0, 3.0, 0.4, 44.0, 296.47400000000016, 12.477777205896892, 240.64800000000002, 10.4084242803606]
[2.0, 3.0, 0.4, 45.0, 302.724, 11.608437620972087, 244.17, 9.710916537587991]
[2.0, 3.0, 0.4, 46.0, 309.45599999999996, 9.992840637176197, 251.05000000000007, 10.084101348161864]
[2.0, 3.0, 0.4, 47.0, 313.928, 10.647009721043755, 258.6940000000001, 10.510393142028514]
[2.0, 3.0, 0.4, 48.0, 323.008, 11.952436404348703, 267.1080000000001, 11.48799094707164]
[2.0, 3.0, 0.4, 49.0, 328.87800000000004, 11.805791629535063, 270.086, 12.479399184255632]
[2.0, 3.0, 0.4, 50.0, 337.08200000000005, 12.431865346761125, 277.7920000000001, 9.369393576961102]
[2.0, 3.0, 0.4, 51.0, 342.2440000000001, 10.157227180682723, 284.388, 10.999957090825403]
[2.0, 3.0, 0.4, 52.0, 352.028, 13.45499223336825, 292.19399999999996, 8.741828412866498]
[2.0, 3.0, 0.4, 53.0, 358.20600000000013, 12.291800681755289, 295.684, 11.167280062754765]
[2.0, 3.0, 0.4, 54.0, 362.198, 11.560086331857558, 306.15400000000005, 10.291466562157217]
[2.0, 3.0, 0.4, 55.0, 368.1959999999999, 13.45427753541601, 309.43999999999994, 11.179159181262255]
[2.0, 3.0, 0.4, 56.0, 375.606, 15.057183136297441, 316.7479999999999, 11.424486684311029]
[2.0, 3.0, 0.4, 57.0, 382.55800000000005, 12.592070361938099, 324.85, 9.932628051024574]
[2.0, 3.0, 0.4, 58.0, 390.0480000000001, 12.978663105266268, 329.86599999999993, 11.05441287450402]
[2.0, 3.0, 0.4, 59.0, 397.49600000000015, 13.210979676011915, 334.6619999999999, 11.700211792954857]
[2.0, 3.0, 0.4, 60.0, 404.8540000000001, 15.703015124491214, 341.5159999999999, 9.197746680573452]
[2.0, 3.0, 0.4, 61.0, 409.73600000000005, 13.270233758302833, 347.974, 10.070974332208394]
[2.0, 3.0, 0.4, 62.0, 416.25800000000004, 13.019041285747575, 355.64200000000005, 11.284371316116822]
[2.0, 3.0, 0.4, 63.0, 423.5400000000001, 12.964767641573847, 364.4280000000001, 12.675962133108476]
[2.0, 3.0, 0.4, 64.0, 431.64399999999995, 13.861156661693146, 369.29400000000004, 11.99151216486062]
[2.0, 3.0, 0.4, 65.0, 438.772, 14.604547784851137, 374.92999999999995, 11.893170309047127]
[2.0, 3.0, 0.4, 66.0, 443.57599999999996, 14.897389838491849, 382.3959999999999, 11.944403877967297]
[2.0, 3.0, 0.4, 67.0, 453.48200000000014, 14.972323667353706, 388.24799999999993, 12.181695120138247]
[2.0, 3.0, 0.4, 68.0, 457.82000000000016, 13.808910166990012, 392.3260000000001, 11.760940608641814]
[2.0, 3.0, 0.4, 69.0, 466.916, 13.658262847082716, 398.4360000000002, 11.1144007485784]
[2.0, 3.0, 0.4, 70.0, 474.102, 16.537025004516394, 406.11600000000004, 11.02543169222865]
[2.0, 3.0, 0.4, 71.0, 477.3720000000001, 15.202526632109542, 412.3499999999999, 12.73600800879146]
[2.0, 3.0, 0.4, 72.0, 484.5260000000001, 14.961488027599376, 420.12, 12.82790707792975]
[2.0, 3.0, 0.4, 73.0, 490.8099999999997, 14.798253275302448, 424.3059999999999, 11.00576049166981]
[2.0, 3.0, 0.4, 74.0, 498.4079999999999, 12.981522869062783, 431.0959999999999, 12.098048768293182]
[2.0, 3.0, 0.4, 75.0, 505.31600000000014, 15.734984715594724, 438.014, 11.707100580417004]
[2.0, 3.0, 0.4, 76.0, 514.2160000000001, 17.573199594837597, 443.61199999999997, 14.136614021752177]
[2.0, 3.0, 0.4, 77.0, 517.4660000000001, 15.909093123116715, 452.36, 13.512512719698]
[2.0, 3.0, 0.4, 78.0, 525.3419999999999, 14.994913670975235, 456.506, 13.455748362688725]
[2.0, 3.0, 0.4, 79.0, 531.2019999999999, 17.339561586153202, 461.97400000000016, 11.449424614363826]
[2.0, 3.0, 0.4, 80.0, 538.4760000000001, 16.46182930296629, 468.49999999999994, 11.862967588255488]
[2.0, 3.0, 0.4, 81.0, 545.4719999999998, 17.99176522745891, 476.22799999999967, 11.410767546488701]
[2.0, 3.0, 0.4, 82.0, 554.5319999999997, 17.07068176728744, 481.7179999999998, 13.744849071561323]
[2.0, 3.0, 0.4, 83.0, 558.3480000000001, 16.617764470589904, 488.49799999999965, 13.27266348552544]
[2.0, 3.0, 0.4, 84.0, 565.7740000000001, 15.914739206157277, 494.60200000000003, 11.709021991609713]
[2.0, 3.0, 0.4, 85.0, 573.578, 17.881563578166205, 500.1559999999999, 14.069842358747303]
[2.0, 3.0, 0.4, 86.0, 579.2939999999998, 18.888588194992238, 505.01799999999974, 13.62160328302068]
[2.0, 3.0, 0.4, 87.0, 586.576, 17.225290244289052, 512.5679999999998, 12.454195116505943]
[2.0, 3.0, 0.4, 88.0, 593.3399999999999, 16.534049715662512, 517.7320000000001, 11.992038025289954]
[2.0, 3.0, 0.4, 89.0, 599.8399999999998, 18.010063853301585, 526.6380000000001, 12.184636063502257]
[2.0, 3.0, 0.4, 90.0, 609.4159999999997, 16.25309029077241, 528.594, 12.711898520677384]
[2.0, 3.0, 0.4, 91.0, 611.8860000000001, 18.582168979965704, 537.3680000000002, 13.376478460342245]
[2.0, 3.0, 0.4, 92.0, 618.678, 15.791666029903233, 544.0400000000002, 13.506975975398795]
[2.0, 3.0, 0.4, 93.0, 624.204, 18.54816389834854, 548.926, 12.856614017695339]
[2.0, 3.0, 0.4, 94.0, 635.6099999999999, 18.68313410539034, 555.302, 13.381703777920025]
[2.0, 3.0, 0.4, 95.0, 638.604, 20.33867212971388, 561.8099999999996, 13.663392697276901]
[2.0, 3.0, 0.4, 96.0, 645.54, 18.156266135965275, 567.0700000000002, 14.25065261663479]
[2.0, 3.0, 0.4, 97.0, 653.7159999999999, 18.14016934871337, 577.33, 15.551241108027355]
[2.0, 3.0, 0.4, 98.0, 658.2120000000001, 17.94092126954463, 581.6480000000001, 14.1763780987952]
[2.0, 3.0, 0.4, 99.0, 664.89, 18.105167770556566, 586.968, 14.277358859396916]
[2.0, 3.0, 0.4, 100.0, 675.3040000000001, 17.362844928179257, 592.8480000000002, 13.529556385927807]
[3.0, 2.0, 0.4, 1.0, 3.9079999999999977, 0.8311052881554778, 4.032, 0.7770302439416374]
[3.0, 2.0, 0.4, 2.0, 7.960000000000005, 1.1221408111284423, 7.888, 1.2548529794362369]
[3.0, 2.0, 0.4, 3.0, 12.12, 1.5813917920616634, 12.10800000000001, 1.2722955631456079]
[3.0, 2.0, 0.4, 4.0, 16.256, 1.7812534912246494, 16.223999999999993, 1.661151407909587]
[3.0, 2.0, 0.4, 5.0, 20.387999999999998, 1.9843023963095956, 20.064000000000007, 1.5374992682925093]
[3.0, 2.0, 0.4, 6.0, 24.72, 2.6296767862229764, 24.051999999999992, 1.8353462888512344]
[3.0, 2.0, 0.4, 7.0, 30.092000000000002, 4.035286359107615, 28.264000000000014, 2.2351518964043584]
[3.0, 2.0, 0.4, 8.0, 34.066, 4.383610840391744, 32.0, 2.1384106247397856]
[3.0, 2.0, 0.4, 9.0, 40.2, 5.6748568263877806, 36.13200000000001, 2.599726139423151]
[3.0, 2.0, 0.4, 10.0, 48.49799999999999, 4.301487649639367, 40.076, 2.2674708377397046]
[3.0, 2.0, 0.4, 11.0, 58.332, 5.503106032051354, 44.09599999999998, 2.942717111786316]
[3.0, 2.0, 0.4, 12.0, 63.474, 5.527506128445267, 47.832, 2.807521326722203]
[3.0, 2.0, 0.4, 13.0, 66.34600000000002, 4.9439947410975265, 52.49199999999998, 3.1383333156310855]
[3.0, 2.0, 0.4, 14.0, 69.686, 4.441824399950994, 56.316000000000024, 3.0020233176975815]
[3.0, 2.0, 0.4, 15.0, 75.35999999999997, 6.835202996254024, 59.876, 2.8367276922538753]
[3.0, 2.0, 0.4, 16.0, 84.38199999999995, 5.597363307844148, 66.93, 5.551171047625897]
[3.0, 2.0, 0.4, 17.0, 89.57599999999996, 5.040895158600306, 72.344, 7.104650871084379]
[3.0, 2.0, 0.4, 18.0, 98.45600000000002, 5.758338649298076, 77.00400000000002, 6.52147099970551]
[3.0, 2.0, 0.4, 19.0, 102.81199999999995, 6.306493161813466, 80.79599999999999, 7.230379243165605]
[3.0, 2.0, 0.4, 20.0, 107.02600000000001, 5.365941110373835, 86.168, 7.388462356945458]
[3.0, 2.0, 0.4, 21.0, 111.91800000000005, 6.759354702928381, 89.17799999999997, 7.89976683200207]
[3.0, 2.0, 0.4, 22.0, 117.02799999999999, 7.176016722388544, 94.354, 6.748205983815255]
[3.0, 2.0, 0.4, 23.0, 125.81600000000006, 7.995482724638956, 100.07600000000001, 6.958895314631482]
[3.0, 2.0, 0.4, 24.0, 135.48599999999996, 8.288269059339232, 104.60200000000003, 6.726930652236576]
[3.0, 2.0, 0.4, 25.0, 140.10999999999996, 6.761087190681689, 111.414, 6.608131657284075]
[3.0, 2.0, 0.4, 26.0, 143.388, 6.98855178130634, 118.31799999999996, 8.129309687790224]
[3.0, 2.0, 0.4, 27.0, 146.83999999999997, 6.906576575989007, 122.68199999999992, 8.313944671454099]
[3.0, 2.0, 0.4, 28.0, 151.81000000000003, 7.77644520330465, 128.01199999999994, 8.150475814331331]
[3.0, 2.0, 0.4, 29.0, 158.856, 8.657763221525524, 132.312, 8.571922538147437]
[3.0, 2.0, 0.4, 30.0, 166.80400000000006, 8.245288594100264, 139.08599999999998, 9.321169669091958]
[3.0, 2.0, 0.4, 31.0, 172.12600000000003, 8.012622791570813, 146.194, 8.674627600075981]
[3.0, 2.0, 0.4, 32.0, 177.59199999999998, 7.411068478971165, 152.42, 8.251424119508101]
[3.0, 2.0, 0.4, 33.0, 184.23400000000012, 9.221021852267784, 158.49800000000002, 9.368905805909247]
[3.0, 2.0, 0.4, 34.0, 188.34000000000003, 8.957343356151979, 164.336, 8.098487760069776]
[3.0, 2.0, 0.4, 35.0, 191.41600000000003, 8.390884577921444, 169.02599999999995, 9.44392524324499]
[3.0, 2.0, 0.4, 36.0, 199.012, 7.754989103796345, 173.11800000000005, 9.485276801443382]
[3.0, 2.0, 0.4, 37.0, 206.64999999999998, 10.282971360458031, 179.1300000000001, 8.738071869697567]
[3.0, 2.0, 0.4, 38.0, 213.02000000000007, 7.86279848400047, 184.09400000000008, 8.69728486368016]
[3.0, 2.0, 0.4, 39.0, 218.31599999999997, 8.897108743856064, 191.28599999999994, 9.100077142530164]
[3.0, 2.0, 0.4, 40.0, 221.73399999999998, 9.400981012639052, 196.72400000000005, 9.344379273124568]
[3.0, 2.0, 0.4, 41.0, 227.74200000000002, 9.54552439628122, 204.96199999999993, 9.140139823875785]
[3.0, 2.0, 0.4, 42.0, 235.1060000000001, 10.089814864505694, 208.27400000000006, 9.963680243765353]
[3.0, 2.0, 0.4, 43.0, 240.62999999999997, 10.305624677815512, 214.092, 9.21444170853557]
[3.0, 2.0, 0.4, 44.0, 245.99600000000007, 8.528726985898896, 219.49999999999991, 9.396871819919646]
[3.0, 2.0, 0.4, 45.0, 253.19600000000003, 10.811585637638911, 223.57799999999992, 9.629201212977119]
[3.0, 2.0, 0.4, 46.0, 256.94999999999993, 7.664378644091112, 231.1260000000001, 8.658205587764696]
[3.0, 2.0, 0.4, 47.0, 262.404, 9.113022769641253, 236.86399999999998, 9.175309477069431]
[3.0, 2.0, 0.4, 48.0, 270.02400000000006, 10.23805762828087, 242.00400000000008, 9.48868715892773]
[3.0, 2.0, 0.4, 49.0, 272.46799999999996, 9.33017556104921, 248.05, 10.513548401943089]
[3.0, 2.0, 0.4, 50.0, 281.4, 9.647300140453803, 254.86799999999988, 10.91297283053523]
[3.0, 2.0, 0.4, 51.0, 286.98599999999993, 10.017594721289132, 260.92, 8.74725099674178]
[3.0, 2.0, 0.4, 52.0, 290.2739999999999, 10.6225667331394, 265.63200000000006, 9.446723029707185]
[3.0, 2.0, 0.4, 53.0, 296.11, 10.756184267666674, 269.366, 9.016831150687027]
[3.0, 2.0, 0.4, 54.0, 302.048, 10.320082170215509, 276.2439999999999, 9.736306486548168]
[3.0, 2.0, 0.4, 55.0, 308.3939999999999, 10.342628486028104, 284.0680000000001, 10.856674260564322]
[3.0, 2.0, 0.4, 56.0, 314.776, 10.392777492085557, 289.62399999999997, 9.664627463073781]
[3.0, 2.0, 0.4, 57.0, 321.38000000000005, 10.285232131556395, 295.732, 10.272729724858923]
[3.0, 2.0, 0.4, 58.0, 325.16200000000003, 11.295935375169256, 301.1119999999999, 12.589434300237645]
[3.0, 2.0, 0.4, 59.0, 331.074, 10.293285384171574, 303.6159999999998, 10.653513223345627]
[3.0, 2.0, 0.4, 60.0, 334.9840000000001, 11.235752934271924, 308.81199999999995, 10.234561837225868]
[3.0, 2.0, 0.4, 61.0, 341.41, 11.724073524163861, 316.57400000000007, 9.598527178687362]
[3.0, 2.0, 0.4, 62.0, 346.49999999999994, 10.547056461401933, 321.97799999999995, 11.529298157303414]
[3.0, 2.0, 0.4, 63.0, 354.01999999999975, 11.30102650204839, 328.156, 11.71165504956495]
[3.0, 2.0, 0.4, 64.0, 357.42600000000016, 13.50243400280113, 334.26800000000003, 11.09876461593811]
[3.0, 2.0, 0.4, 65.0, 363.99800000000005, 11.226664509105097, 337.316, 10.102680040464511]
[3.0, 2.0, 0.4, 66.0, 369.80200000000013, 10.542618080913295, 344.13200000000006, 9.510929292135442]
[3.0, 2.0, 0.4, 67.0, 377.6499999999998, 11.450532738698229, 351.376, 10.565350159838534]
[3.0, 2.0, 0.4, 68.0, 383.06, 11.65577968220059, 355.61000000000007, 10.960123174490326]
[3.0, 2.0, 0.4, 69.0, 390.0640000000001, 12.675705266374734, 361.38199999999995, 10.174796115893418]
[3.0, 2.0, 0.4, 70.0, 392.9040000000001, 10.828203175042473, 367.93, 11.756985157768984]
[3.0, 2.0, 0.4, 71.0, 398.34799999999996, 11.228272173402278, 373.0340000000001, 10.355638271009667]
[3.0, 2.0, 0.4, 72.0, 407.30600000000004, 13.3009008717455, 377.4119999999998, 12.205763228901342]
[3.0, 2.0, 0.4, 73.0, 411.31, 12.225264823307512, 383.33199999999977, 10.864740033705358]
[3.0, 2.0, 0.4, 74.0, 415.082, 12.555448060503437, 390.478, 10.7411319701417]
[3.0, 2.0, 0.4, 75.0, 421.4799999999999, 13.212085376654207, 392.75000000000017, 10.931143581528884]
[3.0, 2.0, 0.4, 76.0, 428.44999999999993, 13.666788210841629, 399.49000000000007, 11.524421894394534]
[3.0, 2.0, 0.4, 77.0, 433.6539999999999, 13.419921162212523, 407.292, 11.393311020067868]
[3.0, 2.0, 0.4, 78.0, 437.44000000000005, 12.456644813110797, 411.25999999999993, 11.775924592149872]
[3.0, 2.0, 0.4, 79.0, 442.12800000000004, 13.853823154638574, 416.7280000000001, 10.899119964474199]
[3.0, 2.0, 0.4, 80.0, 448.88399999999996, 12.250197712690186, 423.72000000000014, 10.934678779003988]
[3.0, 2.0, 0.4, 81.0, 453.92399999999986, 13.809034144356369, 427.282, 11.764254162504312]
[3.0, 2.0, 0.4, 82.0, 461.3400000000001, 14.16100278935076, 433.49599999999987, 11.220498384652972]
[3.0, 2.0, 0.4, 83.0, 465.586, 13.693480346500658, 438.5819999999999, 12.05318530513823]
[3.0, 2.0, 0.4, 84.0, 471.2840000000002, 11.770545611822753, 445.7939999999999, 12.61679689937188]
[3.0, 2.0, 0.4, 85.0, 475.58399999999995, 14.077178126314926, 450.26199999999994, 12.021969722137893]
[3.0, 2.0, 0.4, 86.0, 482.27800000000025, 14.38760285801635, 453.54999999999995, 11.569420901670057]
[3.0, 2.0, 0.4, 87.0, 489.73399999999987, 10.987376574960933, 461.90399999999977, 12.822869569640025]
[3.0, 2.0, 0.4, 88.0, 495.13400000000007, 13.767034684346521, 468.756, 12.114275215628847]
[3.0, 2.0, 0.4, 89.0, 500.3960000000001, 13.341483575674761, 470.0340000000001, 12.129931739296802]
[3.0, 2.0, 0.4, 90.0, 506.25199999999995, 13.927860424343708, 477.6780000000001, 11.788261788745602]
[3.0, 2.0, 0.4, 91.0, 508.37200000000036, 14.225723742572818, 484.0960000000003, 12.32407335258923]
[3.0, 2.0, 0.4, 92.0, 517.3660000000002, 13.772728270026958, 488.3839999999998, 11.046073691588338]
[3.0, 2.0, 0.4, 93.0, 523.1140000000003, 15.838516470932491, 495.4420000000001, 11.45524491226618]
[3.0, 2.0, 0.4, 94.0, 528.386, 13.756227825970297, 498.7479999999999, 12.096267854177158]
[3.0, 2.0, 0.4, 95.0, 531.62, 13.143074221809739, 505.2720000000003, 13.316321413964133]
[3.0, 2.0, 0.4, 96.0, 539.2119999999999, 15.829689068329792, 509.074, 11.006421943574567]
[3.0, 2.0, 0.4, 97.0, 544.766, 15.397585654900542, 517.7740000000001, 11.65955933987215]
[3.0, 2.0, 0.4, 98.0, 551.904, 14.458616254676658, 523.2479999999999, 12.173089008135953]
[3.0, 2.0, 0.4, 99.0, 557.896, 13.759403475441788, 525.9219999999998, 13.22361206327531]
[3.0, 2.0, 0.4, 100.0, 562.4540000000001, 13.838059256991176, 533.064, 13.67405952890363]
[4.0, 1.0, 0.4, 1.0, 3.892, 0.7896429572914587, 3.9960000000000013, 0.8437914434266333]
[4.0, 1.0, 0.4, 2.0, 7.856, 1.1363379778921407, 8.140000000000002, 1.1248110952511094]
[4.0, 1.0, 0.4, 3.0, 11.959999999999997, 1.3781146541561773, 12.084000000000003, 1.4447643406452138]
[4.0, 1.0, 0.4, 4.0, 15.943999999999999, 1.5136921747832353, 15.880000000000003, 1.8176908428002816]
[4.0, 1.0, 0.4, 5.0, 20.008000000000003, 1.7708574194440392, 19.904000000000007, 1.8005510267693061]
[4.0, 1.0, 0.4, 6.0, 24.087999999999983, 1.955979549995347, 23.924000000000007, 2.0805345466970753]
[4.0, 1.0, 0.4, 7.0, 28.268000000000008, 2.1762757178262144, 27.892, 2.003880235942258]
[4.0, 1.0, 0.4, 8.0, 32.412000000000006, 2.637244016013687, 31.42000000000002, 2.264420455657473]
[4.0, 1.0, 0.4, 9.0, 36.25600000000001, 2.804293850508537, 35.972, 2.552648820343292]
[4.0, 1.0, 0.4, 10.0, 40.332, 2.44036390728924, 40.04399999999999, 2.316476634891878]
[4.0, 1.0, 0.4, 11.0, 44.34799999999998, 2.6777034936676607, 44.187999999999995, 2.7043402152835725]
[4.0, 1.0, 0.4, 12.0, 49.52599999999998, 4.018124438092978, 48.812000000000005, 3.177649445738155]
[4.0, 1.0, 0.4, 13.0, 58.681999999999995, 3.980461782255926, 51.795999999999985, 2.669828458908924]
[4.0, 1.0, 0.4, 14.0, 62.44200000000001, 3.8534446927392114, 56.052000000000014, 3.0644568849961002]
[4.0, 1.0, 0.4, 15.0, 66.85000000000001, 3.404981644590761, 60.412, 3.099137944654932]
[4.0, 1.0, 0.4, 16.0, 71.602, 4.080930776183295, 66.252, 5.727730440584648]
[4.0, 1.0, 0.4, 17.0, 75.44000000000001, 4.417691704951808, 71.22400000000002, 4.965583953574847]
[4.0, 1.0, 0.4, 18.0, 78.32600000000001, 3.831203988304459, 76.14200000000002, 6.01440238095191]
[4.0, 1.0, 0.4, 19.0, 83.126, 5.519540198241155, 80.18199999999997, 5.508400493791279]
[4.0, 1.0, 0.4, 20.0, 91.07200000000003, 5.828723359364379, 84.80000000000004, 5.947907194972029]
[4.0, 1.0, 0.4, 21.0, 96.66399999999997, 4.684432089378604, 86.96, 5.339063588308346]
[4.0, 1.0, 0.4, 22.0, 101.34599999999999, 4.907777908585515, 92.88400000000006, 5.932229260573128]
[4.0, 1.0, 0.4, 23.0, 105.41800000000008, 4.163373151664406, 97.18999999999997, 5.4563999120299105]
[4.0, 1.0, 0.4, 24.0, 108.44800000000005, 4.294100138562212, 100.89000000000001, 5.92144408062763]
[4.0, 1.0, 0.4, 25.0, 113.81200000000001, 4.237907030598947, 105.696, 5.398627973846687]
[4.0, 1.0, 0.4, 26.0, 117.01, 5.019113467535878, 111.73400000000001, 6.4711702187471465]
[4.0, 1.0, 0.4, 27.0, 125.70999999999998, 5.921308976907048, 116.53400000000002, 6.72880702650923]
[4.0, 1.0, 0.4, 28.0, 130.78599999999997, 5.4519908290458465, 122.54199999999999, 6.381805073801614]
[4.0, 1.0, 0.4, 29.0, 135.34000000000003, 5.424278753898993, 125.42999999999998, 7.010641910695483]
[4.0, 1.0, 0.4, 30.0, 139.702, 6.3314134282954555, 129.216, 6.670752881047239]
[4.0, 1.0, 0.4, 31.0, 143.86999999999995, 5.729109878506436, 134.518, 6.414115371584769]
[4.0, 1.0, 0.4, 32.0, 149.30399999999997, 5.288060514025914, 141.738, 7.005066452218711]
[4.0, 1.0, 0.4, 33.0, 153.23800000000003, 5.978742008148537, 146.88, 7.223406398646003]
[4.0, 1.0, 0.4, 34.0, 159.722, 5.8703250335905635, 150.178, 7.309987414489852]
[4.0, 1.0, 0.4, 35.0, 165.574, 7.254165975492984, 155.42799999999997, 7.2841208117383704]
[4.0, 1.0, 0.4, 36.0, 168.98599999999996, 6.5894008832366575, 160.25800000000007, 6.629467248580388]
[4.0, 1.0, 0.4, 37.0, 172.98999999999995, 6.329067861857706, 165.15799999999996, 7.879761163893234]
[4.0, 1.0, 0.4, 38.0, 178.412, 6.70771615380377, 168.67600000000004, 6.766906531052428]
[4.0, 1.0, 0.4, 39.0, 182.09599999999995, 6.100982216004241, 174.19, 7.349795915533983]
[4.0, 1.0, 0.4, 40.0, 187.458, 6.80707249851212, 178.99200000000002, 6.45240544293367]
[4.0, 1.0, 0.4, 41.0, 192.632, 6.202304087998266, 183.88400000000001, 7.445975020103138]
[4.0, 1.0, 0.4, 42.0, 198.24199999999996, 7.931975542070213, 190.58399999999995, 9.983213110016232]
[4.0, 1.0, 0.4, 43.0, 203.40999999999997, 7.179491625456496, 193.15999999999994, 7.908223567907018]
[4.0, 1.0, 0.4, 44.0, 207.74399999999997, 7.1829843380032585, 200.01800000000003, 9.147156716707112]
[4.0, 1.0, 0.4, 45.0, 211.02000000000015, 6.326863361887952, 202.866, 8.903080590447331]
[4.0, 1.0, 0.4, 46.0, 215.70000000000005, 6.655073252789936, 208.1199999999998, 8.840995419069062]
[4.0, 1.0, 0.4, 47.0, 221.14199999999997, 7.346035393326121, 213.398, 7.156563141620428]
[4.0, 1.0, 0.4, 48.0, 225.91799999999995, 7.0743533980145505, 219.41999999999996, 8.832417562592928]
[4.0, 1.0, 0.4, 49.0, 231.96199999999996, 6.931187199895859, 223.99799999999996, 7.402350707714408]
[4.0, 1.0, 0.4, 50.0, 235.37599999999995, 8.190837808185439, 228.75599999999994, 7.746667928858191]
[4.0, 1.0, 0.4, 51.0, 239.85999999999993, 7.780565532144828, 232.29399999999995, 8.295948649792859]
[4.0, 1.0, 0.4, 52.0, 244.56000000000003, 8.269268407785548, 238.36800000000005, 7.730082535135064]
[4.0, 1.0, 0.4, 53.0, 250.96399999999994, 7.395262267154554, 242.79599999999994, 8.202096317405703]
[4.0, 1.0, 0.4, 54.0, 254.17400000000006, 8.440552351594057, 248.32000000000005, 8.164018618303125]
[4.0, 1.0, 0.4, 55.0, 260.33000000000004, 8.24035800193171, 254.69200000000012, 9.16399127018353]
[4.0, 1.0, 0.4, 56.0, 265.22, 8.900449426854795, 259.20799999999997, 8.609200659759306]
[4.0, 1.0, 0.4, 57.0, 269.4320000000001, 8.195350877174208, 263.52600000000007, 10.580497341807714]
[4.0, 1.0, 0.4, 58.0, 273.56999999999994, 9.80013775413388, 269.1360000000001, 8.943908765187626]
[4.0, 1.0, 0.4, 59.0, 280.24199999999996, 8.894191138040599, 272.00000000000006, 8.651889966937862]
[4.0, 1.0, 0.4, 60.0, 282.16200000000003, 8.245468816265092, 277.164, 9.074640709141056]
[4.0, 1.0, 0.4, 61.0, 289.354, 8.572320805942814, 282.35599999999994, 8.869208758395533]
[4.0, 1.0, 0.4, 62.0, 295.4500000000001, 8.77880971430637, 286.972, 8.964062471892966]
[4.0, 1.0, 0.4, 63.0, 297.8339999999999, 9.686405112321086, 290.202, 9.30451481808697]
[4.0, 1.0, 0.4, 64.0, 302.21400000000006, 7.722344462661576, 296.37199999999996, 9.064039717476971]
[4.0, 1.0, 0.4, 65.0, 307.21599999999995, 9.292822176282087, 301.4660000000001, 8.70558694172886]
[4.0, 1.0, 0.4, 66.0, 312.8600000000001, 9.671049581095115, 305.6380000000001, 8.496055319970564]
[4.0, 1.0, 0.4, 67.0, 317.82599999999996, 10.26359215869376, 307.93199999999996, 8.418323823659913]
[4.0, 1.0, 0.4, 68.0, 322.334, 10.102001979805783, 314.876, 9.592404495224336]
[4.0, 1.0, 0.4, 69.0, 327.4620000000001, 7.868351542731165, 319.79400000000004, 9.133343527974843]
[4.0, 1.0, 0.4, 70.0, 332.0680000000001, 10.821948807862658, 325.39599999999996, 8.454630920389139]
[4.0, 1.0, 0.4, 71.0, 336.29799999999994, 7.980551108789415, 330.476, 8.618806413883533]
[4.0, 1.0, 0.4, 72.0, 340.418, 9.192174715484903, 335.78799999999995, 9.409136836075897]
[4.0, 1.0, 0.4, 73.0, 345.13599999999985, 9.631775744897714, 341.07800000000003, 10.408377203003365]
[4.0, 1.0, 0.4, 74.0, 349.3679999999999, 8.723151724004344, 344.606, 10.378803591936784]
[4.0, 1.0, 0.4, 75.0, 355.6200000000001, 9.477489118959731, 348.60600000000005, 9.77234690337996]
[4.0, 1.0, 0.4, 76.0, 361.478, 10.06434876184247, 353.842, 10.998046917521313]
[4.0, 1.0, 0.4, 77.0, 364.80200000000013, 10.96676780095212, 360.11400000000003, 10.135492291941242]
[4.0, 1.0, 0.4, 78.0, 368.7159999999998, 9.094973556860953, 363.414, 10.124159421897708]
[4.0, 1.0, 0.4, 79.0, 376.35599999999994, 10.126700548549856, 365.972, 9.33976530754387]
[4.0, 1.0, 0.4, 80.0, 380.7160000000002, 10.880594836680574, 374.0979999999999, 9.922559951947902]
[4.0, 1.0, 0.4, 81.0, 384.90400000000017, 8.794065271533976, 377.8179999999998, 9.020868916019138]
[4.0, 1.0, 0.4, 82.0, 387.492, 9.800588553755317, 384.56599999999986, 9.462729204621668]
[4.0, 1.0, 0.4, 83.0, 394.186, 9.887416447181755, 386.8500000000002, 9.937378930080106]
[4.0, 1.0, 0.4, 84.0, 399.56000000000006, 10.301106736656976, 390.768, 10.765267112338652]
[4.0, 1.0, 0.4, 85.0, 403.55599999999976, 9.951063460756343, 394.69399999999985, 10.190758754871988]
[4.0, 1.0, 0.4, 86.0, 410.2480000000001, 10.747059877008223, 400.5799999999999, 10.16608085743961]
[4.0, 1.0, 0.4, 87.0, 412.50200000000007, 10.053397236755343, 407.7599999999999, 9.827878713130321]
[4.0, 1.0, 0.4, 88.0, 418.08, 11.17905183814798, 411.7839999999999, 10.466429381599049]
[4.0, 1.0, 0.4, 89.0, 424.2060000000001, 10.83536635282811, 414.3740000000001, 9.541557734458252]
[4.0, 1.0, 0.4, 90.0, 429.974, 10.574938486818716, 421.57999999999987, 9.930377636323799]
[4.0, 1.0, 0.4, 91.0, 432.72200000000004, 9.816186428547486, 425.20600000000013, 9.120546255570451]
[4.0, 1.0, 0.4, 92.0, 436.96200000000005, 10.01222033317285, 430.06199999999995, 11.788085340715856]
[4.0, 1.0, 0.4, 93.0, 442.26399999999995, 10.794105057854496, 437.1039999999999, 11.849269344562984]
[4.0, 1.0, 0.4, 94.0, 448.6179999999999, 11.64927791753634, 439.25400000000013, 10.920067948506547]
[4.0, 1.0, 0.4, 95.0, 451.4760000000001, 11.759346240331539, 442.18599999999975, 10.818770909858456]
[4.0, 1.0, 0.4, 96.0, 459.8520000000002, 12.721654609365874, 449.4239999999998, 10.594650725720019]
[4.0, 1.0, 0.4, 97.0, 461.19599999999997, 11.232879595188402, 454.48999999999995, 10.411930656703385]
[4.0, 1.0, 0.4, 98.0, 465.088, 11.247339952184245, 457.99800000000005, 12.26971866018126]
[4.0, 1.0, 0.4, 99.0, 470.85200000000003, 11.815062251211366, 461.5940000000001, 10.079581538933065]
[4.0, 1.0, 0.4, 100.0, 475.0620000000002, 11.647478525414847, 466.9379999999999, 10.753853076920858]
