[0.0, 5.0, 0.0, 0.0, 4065.25]
[0.0, 5.0, 0.2, 0.0, 4137.522999999998]
[0.0, 5.0, 0.4, 0.0, 4223.781999999999]
[0.0, 5.0, 0.6000000000000001, 0.0, 4481.824000000001]
[0.0, 5.0, 0.8, 0.0, 5024.698]
[0.0, 5.0, 1.0, 0.0, 5807.5]
[0.0, 5.0, 0.0, 0.2, 4135.78]
[0.0, 5.0, 0.2, 0.2, 4202.571999999998]
[0.0, 5.0, 0.4, 0.2, 4327.533999999999]
[0.0, 5.0, 0.6000000000000001, 0.2, 4642.698999999999]
[0.0, 5.0, 0.8, 0.2, 5180.3290000000015]
[0.0, 5.0, 1.0, 0.2, 5807.5]
[0.0, 5.0, 0.0, 0.4, 4224.748000000001]
[0.0, 5.0, 0.2, 0.4, 4343.136999999999]
[0.0, 5.0, 0.4, 0.4, 4559.170000000002]
[0.0, 5.0, 0.6000000000000001, 0.4, 4922.4400000000005]
[0.0, 5.0, 0.8, 0.4, 5314.183000000001]
[0.0, 5.0, 1.0, 0.4, 5807.5]
[0.0, 5.0, 0.0, 0.6000000000000001, 4469.437]
[0.0, 5.0, 0.2, 0.6000000000000001, 4670.004999999998]
[0.0, 5.0, 0.4, 0.6000000000000001, 4906.981000000001]
[0.0, 5.0, 0.6000000000000001, 0.6000000000000001, 5162.749]
[0.0, 5.0, 0.8, 0.6000000000000001, 5469.8830000000025]
[0.0, 5.0, 1.0, 0.6000000000000001, 5807.5]
[0.0, 5.0, 0.0, 0.8, 5025.769000000002]
[0.0, 5.0, 0.2, 0.8, 5160.694]
[0.0, 5.0, 0.4, 0.8, 5319.064]
[0.0, 5.0, 0.6000000000000001, 0.8, 5475.0999999999985]
[0.0, 5.0, 0.8, 0.8, 5637.603999999999]
[0.0, 5.0, 1.0, 0.8, 5807.5]
[0.0, 5.0, 0.0, 1.0, 5807.5]
[0.0, 5.0, 0.2, 1.0, 5807.5]
[0.0, 5.0, 0.4, 1.0, 5807.5]
[0.0, 5.0, 0.6000000000000001, 1.0, 5807.5]
[0.0, 5.0, 0.8, 1.0, 5807.5]
[0.0, 5.0, 1.0, 1.0, 5807.5]
[1.0, 4.0, 0.0, 0.0, 4065.25]
[1.0, 4.0, 0.2, 0.0, 4141.386999999998]
[1.0, 4.0, 0.4, 0.0, 4278.564999999999]
[1.0, 4.0, 0.6000000000000001, 0.0, 4732.138000000001]
[1.0, 4.0, 0.8, 0.0, 5467.509999999998]
[1.0, 4.0, 1.0, 0.0, 5807.5]
[1.0, 4.0, 0.0, 0.2, 4136.755000000002]
[1.0, 4.0, 0.2, 0.2, 4226.649999999999]
[1.0, 4.0, 0.4, 0.2, 4444.644999999999]
[1.0, 4.0, 0.6000000000000001, 0.2, 4781.275000000001]
[1.0, 4.0, 0.8, 0.2, 4969.710999999999]
[1.0, 4.0, 1.0, 0.2, 5431.1500000000015]
[1.0, 4.0, 0.0, 0.4, 4250.659000000001]
[1.0, 4.0, 0.2, 0.4, 4431.091]
[1.0, 4.0, 0.4, 0.4, 4668.591999999999]
[1.0, 4.0, 0.6000000000000001, 0.4, 4820.316999999999]
[1.0, 4.0, 0.8, 0.4, 4875.055000000001]
[1.0, 4.0, 1.0, 0.4, 4944.9490000000005]
[1.0, 4.0, 0.0, 0.6000000000000001, 4564.173999999998]
[1.0, 4.0, 0.2, 0.6000000000000001, 4718.067999999999]
[1.0, 4.0, 0.4, 0.6000000000000001, 4797.496000000001]
[1.0, 4.0, 0.6000000000000001, 0.6000000000000001, 4833.991000000002]
[1.0, 4.0, 0.8, 0.6000000000000001, 4854.018999999999]
[1.0, 4.0, 1.0, 0.6000000000000001, 4871.368000000001]
[1.0, 4.0, 0.0, 0.8, 4808.641]
[1.0, 4.0, 0.2, 0.8, 4822.732]
[1.0, 4.0, 0.4, 0.8, 4829.554]
[1.0, 4.0, 0.6000000000000001, 0.8, 4837.615000000002]
[1.0, 4.0, 0.8, 0.8, 4844.806000000001]
[1.0, 4.0, 1.0, 0.8, 4851.031]
[1.0, 4.0, 0.0, 1.0, 4840.324000000009]
[1.0, 4.0, 0.2, 1.0, 4840.324000000009]
[1.0, 4.0, 0.4, 1.0, 4840.324000000009]
[1.0, 4.0, 0.6000000000000001, 1.0, 4840.324000000009]
[1.0, 4.0, 0.8, 1.0, 4840.324000000009]
[1.0, 4.0, 1.0, 1.0, 4840.324000000009]
[2.0, 3.0, 0.0, 0.0, 4065.25]
[2.0, 3.0, 0.2, 0.0, 4154.715999999999]
[2.0, 3.0, 0.4, 0.0, 4444.5070000000005]
[2.0, 3.0, 0.6000000000000001, 0.0, 5137.972000000001]
[2.0, 3.0, 0.8, 0.0, 5676.235]
[2.0, 3.0, 1.0, 0.0, 5807.5]
[2.0, 3.0, 0.0, 0.2, 4143.435999999998]
[2.0, 3.0, 0.2, 0.2, 4287.697]
[2.0, 3.0, 0.4, 0.2, 4582.3179999999975]
[2.0, 3.0, 0.6000000000000001, 0.2, 4776.6939999999995]
[2.0, 3.0, 0.8, 0.2, 5248.672000000003]
[2.0, 3.0, 1.0, 0.2, 5677.6209999999965]
[2.0, 3.0, 0.0, 0.4, 4339.6720000000005]
[2.0, 3.0, 0.2, 0.4, 4542.079000000001]
[2.0, 3.0, 0.4, 0.4, 4628.439999999999]
[2.0, 3.0, 0.6000000000000001, 0.4, 4685.763999999999]
[2.0, 3.0, 0.8, 0.4, 4789.834000000001]
[2.0, 3.0, 1.0, 0.4, 5115.538000000001]
[2.0, 3.0, 0.0, 0.6000000000000001, 4586.415999999998]
[2.0, 3.0, 0.2, 0.6000000000000001, 4619.910999999999]
[2.0, 3.0, 0.4, 0.6000000000000001, 4638.157]
[2.0, 3.0, 0.6000000000000001, 0.6000000000000001, 4656.928000000001]
[2.0, 3.0, 0.8, 0.6000000000000001, 4682.215]
[2.0, 3.0, 1.0, 0.6000000000000001, 4723.089999999999]
[2.0, 3.0, 0.0, 0.8, 4629.027999999999]
[2.0, 3.0, 0.2, 0.8, 4635.337]
[2.0, 3.0, 0.4, 0.8, 4640.164000000001]
[2.0, 3.0, 0.6000000000000001, 0.8, 4646.533000000001]
[2.0, 3.0, 0.8, 0.8, 4651.5549999999985]
[2.0, 3.0, 1.0, 0.8, 4660.822000000001]
[2.0, 3.0, 0.0, 1.0, 4640.95]
[2.0, 3.0, 0.2, 1.0, 4640.95]
[2.0, 3.0, 0.4, 1.0, 4640.95]
[2.0, 3.0, 0.6000000000000001, 1.0, 4640.95]
[2.0, 3.0, 0.8, 1.0, 4640.95]
[2.0, 3.0, 1.0, 1.0, 4640.95]
[3.0, 2.0, 0.0, 0.0, 4065.25]
[3.0, 2.0, 0.2, 0.0, 4199.889999999999]
[3.0, 2.0, 0.4, 0.0, 4797.919]
[3.0, 2.0, 0.6000000000000001, 0.0, 5459.116000000001]
[3.0, 2.0, 0.8, 0.0, 5723.269]
[3.0, 2.0, 1.0, 0.0, 5807.5]
[3.0, 2.0, 0.0, 0.2, 4174.819000000002]
[3.0, 2.0, 0.2, 0.2, 4370.812000000002]
[3.0, 2.0, 0.4, 0.2, 4571.0289999999995]
[3.0, 2.0, 0.6000000000000001, 0.2, 5104.045000000002]
[3.0, 2.0, 0.8, 0.2, 5538.8679999999995]
[3.0, 2.0, 1.0, 0.2, 5715.91]
[3.0, 2.0, 0.0, 0.4, 4377.679000000003]
[3.0, 2.0, 0.2, 0.4, 4437.883000000001]
[3.0, 2.0, 0.4, 0.4, 4489.935999999999]
[3.0, 2.0, 0.6000000000000001, 0.4, 4677.504999999998]
[3.0, 2.0, 0.8, 0.4, 5070.813999999999]
[3.0, 2.0, 1.0, 0.4, 5457.864999999999]
[3.0, 2.0, 0.0, 0.6000000000000001, 4427.605000000002]
[3.0, 2.0, 0.2, 0.6000000000000001, 4444.023999999999]
[3.0, 2.0, 0.4, 0.6000000000000001, 4466.920000000001]
[3.0, 2.0, 0.6000000000000001, 0.6000000000000001, 4501.129000000002]
[3.0, 2.0, 0.8, 0.6000000000000001, 4600.285]
[3.0, 2.0, 1.0, 0.6000000000000001, 4825.665999999999]
[3.0, 2.0, 0.0, 0.8, 4434.259000000001]
[3.0, 2.0, 0.2, 0.8, 4441.770999999999]
[3.0, 2.0, 0.4, 0.8, 4450.248999999998]
[3.0, 2.0, 0.6000000000000001, 0.8, 4456.275999999999]
[3.0, 2.0, 0.8, 0.8, 4472.032000000001]
[3.0, 2.0, 1.0, 0.8, 4485.051999999999]
[3.0, 2.0, 0.0, 1.0, 4437.94]
[3.0, 2.0, 0.2, 1.0, 4437.94]
[3.0, 2.0, 0.4, 1.0, 4437.94]
[3.0, 2.0, 0.6000000000000001, 1.0, 4437.94]
[3.0, 2.0, 0.8, 1.0, 4437.94]
[3.0, 2.0, 1.0, 1.0, 4437.94]
[4.0, 1.0, 0.0, 0.0, 4065.25]
[4.0, 1.0, 0.2, 0.0, 4448.209]
[4.0, 1.0, 0.4, 0.0, 5150.493999999999]
[4.0, 1.0, 0.6000000000000001, 0.0, 5596.377999999998]
[4.0, 1.0, 0.8, 0.0, 5731.015]
[4.0, 1.0, 1.0, 0.0, 5807.5]
[4.0, 1.0, 0.0, 0.2, 4199.845]
[4.0, 1.0, 0.2, 0.2, 4347.822999999999]
[4.0, 1.0, 0.4, 0.2, 4891.341999999999]
[4.0, 1.0, 0.6000000000000001, 0.2, 5350.264]
[4.0, 1.0, 0.8, 0.2, 5637.076000000001]
[4.0, 1.0, 1.0, 0.2, 5729.133999999999]
[4.0, 1.0, 0.0, 0.4, 4243.6359999999995]
[4.0, 1.0, 0.2, 0.4, 4305.030999999999]
[4.0, 1.0, 0.4, 0.4, 4623.930999999998]
[4.0, 1.0, 0.6000000000000001, 0.4, 5045.002]
[4.0, 1.0, 0.8, 0.4, 5383.285000000001]
[4.0, 1.0, 1.0, 0.4, 5600.149000000002]
[4.0, 1.0, 0.0, 0.6000000000000001, 4249.422999999998]
[4.0, 1.0, 0.2, 0.6000000000000001, 4275.976]
[4.0, 1.0, 0.4, 0.6000000000000001, 4372.285000000001]
[4.0, 1.0, 0.6000000000000001, 0.6000000000000001, 4625.739999999998]
[4.0, 1.0, 0.8, 0.6000000000000001, 4907.95]
[4.0, 1.0, 1.0, 0.6000000000000001, 5152.246000000001]
[4.0, 1.0, 0.0, 0.8, 4251.912999999999]
[4.0, 1.0, 0.2, 0.8, 4261.717]
[4.0, 1.0, 0.4, 0.8, 4274.758]
[4.0, 1.0, 0.6000000000000001, 0.8, 4308.976000000001]
[4.0, 1.0, 0.8, 0.8, 4366.714]
[4.0, 1.0, 1.0, 0.8, 4490.095]
[4.0, 1.0, 0.0, 1.0, 4253.11]
[4.0, 1.0, 0.2, 1.0, 4253.11]
[4.0, 1.0, 0.4, 1.0, 4253.11]
[4.0, 1.0, 0.6000000000000001, 1.0, 4253.11]
[4.0, 1.0, 0.8, 1.0, 4253.11]
[4.0, 1.0, 1.0, 1.0, 4253.11]
[5.0, 0.0, 0.0, 0.0, 4065.25]
[5.0, 0.0, 0.2, 0.0, 4866.327999999998]
[5.0, 0.0, 0.4, 0.0, 5410.650999999996]
[5.0, 0.0, 0.6000000000000001, 0.0, 5645.929]
[5.0, 0.0, 0.8, 0.0, 5737.713999999999]
[5.0, 0.0, 1.0, 0.0, 5807.5]
[5.0, 0.0, 0.0, 0.2, 4065.25]
[5.0, 0.0, 0.2, 0.2, 4714.630000000001]
[5.0, 0.0, 0.4, 0.2, 5213.251000000001]
[5.0, 0.0, 0.6000000000000001, 0.2, 5549.692000000001]
[5.0, 0.0, 0.8, 0.2, 5668.527999999999]
[5.0, 0.0, 1.0, 0.2, 5734.705]
[5.0, 0.0, 0.0, 0.4, 4065.25]
[5.0, 0.0, 0.2, 0.4, 4567.401999999999]
[5.0, 0.0, 0.4, 0.4, 4963.855000000002]
[5.0, 0.0, 0.6000000000000001, 0.4, 5285.626]
[5.0, 0.0, 0.8, 0.4, 5536.839999999997]
[5.0, 0.0, 1.0, 0.4, 5645.424999999997]
[5.0, 0.0, 0.0, 0.6000000000000001, 4065.25]
[5.0, 0.0, 0.2, 0.6000000000000001, 4417.9180000000015]
[5.0, 0.0, 0.4, 0.6000000000000001, 4720.155999999998]
[5.0, 0.0, 0.6000000000000001, 0.6000000000000001, 4965.093999999998]
[5.0, 0.0, 0.8, 0.6000000000000001, 5222.721999999999]
[5.0, 0.0, 1.0, 0.6000000000000001, 5410.063]
[5.0, 0.0, 0.0, 0.8, 4065.25]
[5.0, 0.0, 0.2, 0.8, 4234.878999999999]
[5.0, 0.0, 0.4, 0.8, 4423.8820000000005]
[5.0, 0.0, 0.6000000000000001, 0.8, 4553.101000000001]
[5.0, 0.0, 0.8, 0.8, 4712.940999999999]
[5.0, 0.0, 1.0, 0.8, 4848.742]
[5.0, 0.0, 0.0, 1.0, 4065.25]
[5.0, 0.0, 0.2, 1.0, 4065.25]
[5.0, 0.0, 0.4, 1.0, 4065.25]
[5.0, 0.0, 0.6000000000000001, 1.0, 4065.25]
[5.0, 0.0, 0.8, 1.0, 4065.25]
[5.0, 0.0, 1.0, 1.0, 4065.25]
