[1.0, 4.0, 0.0, 0.0, 4065.25, 32203.85]
[1.0, 4.0, 0.2, 0.0, 4145.058999999999, 20759.871000000003]
[1.0, 4.0, 0.4, 0.0, 4279.426, 11569.424999999994]
[1.0, 4.0, 0.6000000000000001, 0.0, 4723.0, 6582.522000000001]
[1.0, 4.0, 0.8, 0.0, 5450.653, 5612.994000000002]
[1.0, 4.0, 1.0, 0.0, 5807.5, 8282.0]
[1.0, 4.0, 0.0, 0.2, 4065.25, 32203.85]
[1.0, 4.0, 0.2, 0.2, 4128.259, 22494.178000000004]
[1.0, 4.0, 0.4, 0.2, 4206.882999999998, 14310.834999999997]
[1.0, 4.0, 0.6000000000000001, 0.2, 4404.825999999999, 9143.132]
[1.0, 4.0, 0.8, 0.2, 4853.121999999999, 6141.536]
[1.0, 4.0, 1.0, 0.2, 5421.388000000001, 5566.613]
[1.0, 4.0, 0.0, 0.4, 4065.25, 32203.85]
[1.0, 4.0, 0.2, 0.4, 4111.444, 24336.367000000002]
[1.0, 4.0, 0.4, 0.4, 4159.018, 18057.866]
[1.0, 4.0, 0.6000000000000001, 0.4, 4229.320000000001, 12934.875000000007]
[1.0, 4.0, 0.8, 0.4, 4412.1399999999985, 9071.447999999997]
[1.0, 4.0, 1.0, 0.4, 4725.318999999998, 6532.010000000004]
[1.0, 4.0, 0.0, 0.6000000000000001, 4065.25, 32203.85]
[1.0, 4.0, 0.2, 0.6000000000000001, 4096.230999999999, 27089.481000000007]
[1.0, 4.0, 0.4, 0.6000000000000001, 4124.061999999998, 22354.436]
[1.0, 4.0, 0.6000000000000001, 0.6000000000000001, 4160.793999999999, 18154.735999999997]
[1.0, 4.0, 0.8, 0.6000000000000001, 4201.300000000001, 14718.073000000008]
[1.0, 4.0, 1.0, 0.6000000000000001, 4281.901000000001, 11610.027]
[1.0, 4.0, 0.0, 0.8, 4065.25, 32203.85]
[1.0, 4.0, 0.2, 0.8, 4079.349999999998, 29530.748999999996]
[1.0, 4.0, 0.4, 0.8, 4095.259, 27083.937999999995]
[1.0, 4.0, 0.6000000000000001, 0.8, 4108.431999999999, 24576.893999999993]
[1.0, 4.0, 0.8, 0.8, 4127.266, 22312.210000000006]
[1.0, 4.0, 1.0, 0.8, 4141.854999999998, 20195.996000000003]
[1.0, 4.0, 0.0, 1.0, 4065.25, 32203.85]
[1.0, 4.0, 0.2, 1.0, 4065.25, 32203.85]
[1.0, 4.0, 0.4, 1.0, 4065.25, 32203.85]
[1.0, 4.0, 0.6000000000000001, 1.0, 4065.25, 32203.85]
[1.0, 4.0, 0.8, 1.0, 4065.25, 32203.85]
[1.0, 4.0, 1.0, 1.0, 4065.25, 32203.85]
[2.0, 3.0, 0.0, 0.0, 4065.25, 14564.199999999997]
[2.0, 3.0, 0.2, 0.0, 4154.841999999999, 9080.667000000001]
[2.0, 3.0, 0.4, 0.0, 4444.933000000001, 5724.139]
[2.0, 3.0, 0.6000000000000001, 0.0, 5113.833999999999, 5259.262000000001]
[2.0, 3.0, 0.8, 0.0, 5683.080999999997, 7666.104999999999]
[2.0, 3.0, 1.0, 0.0, 5807.5, 12442.19]
[2.0, 3.0, 0.0, 0.2, 4065.25, 14564.199999999997]
[2.0, 3.0, 0.2, 0.2, 4129.294, 10056.475000000004]
[2.0, 3.0, 0.4, 0.2, 4264.7080000000005, 6743.057000000001]
[2.0, 3.0, 0.6000000000000001, 0.2, 4653.540999999998, 5182.787]
[2.0, 3.0, 0.8, 0.2, 5266.624, 5449.260000000002]
[2.0, 3.0, 1.0, 0.2, 5665.449999999998, 7607.523999999998]
[2.0, 3.0, 0.0, 0.4, 4065.25, 14564.199999999997]
[2.0, 3.0, 0.2, 0.4, 4114.273, 11114.13]
[2.0, 3.0, 0.4, 0.4, 4181.638, 8245.838]
[2.0, 3.0, 0.6000000000000001, 0.4, 4341.487, 6129.804000000001]
[2.0, 3.0, 0.8, 0.4, 4636.126000000001, 5183.637999999999]
[2.0, 3.0, 1.0, 0.4, 5095.720000000001, 5189.905999999999]
[2.0, 3.0, 0.0, 0.6000000000000001, 4065.25, 14564.199999999997]
[2.0, 3.0, 0.2, 0.6000000000000001, 4098.637, 12278.76199999999]
[2.0, 3.0, 0.4, 0.6000000000000001, 4134.0459999999985, 10055.197]
[2.0, 3.0, 0.6000000000000001, 0.6000000000000001, 4178.2, 8210.613]
[2.0, 3.0, 0.8, 0.6000000000000001, 4268.259999999998, 6714.721999999998]
[2.0, 3.0, 1.0, 0.6000000000000001, 4432.836999999999, 5683.890000000002]
[2.0, 3.0, 0.0, 0.8, 4065.25, 14564.199999999997]
[2.0, 3.0, 0.2, 0.8, 4082.116000000001, 13307.011]
[2.0, 3.0, 0.4, 0.8, 4094.5329999999994, 12119.084999999997]
[2.0, 3.0, 0.6000000000000001, 0.8, 4114.6, 11245.171999999997]
[2.0, 3.0, 0.8, 0.8, 4129.035999999998, 9904.810000000001]
[2.0, 3.0, 1.0, 0.8, 4153.3240000000005, 9118.106000000002]
[2.0, 3.0, 0.0, 1.0, 4065.25, 14564.199999999997]
[2.0, 3.0, 0.2, 1.0, 4065.25, 14564.199999999997]
[2.0, 3.0, 0.4, 1.0, 4065.25, 14564.199999999997]
[2.0, 3.0, 0.6000000000000001, 1.0, 4065.25, 14564.199999999997]
[2.0, 3.0, 0.8, 1.0, 4065.25, 14564.199999999997]
[2.0, 3.0, 1.0, 1.0, 4065.25, 14564.199999999997]
[3.0, 2.0, 0.0, 0.0, 4065.25, 8709.533000000014]
[3.0, 2.0, 0.2, 0.0, 4204.591000000001, 5591.100999999999]
[3.0, 2.0, 0.4, 0.0, 4790.623, 4854.746999999999]
[3.0, 2.0, 0.6000000000000001, 0.0, 5448.718000000001, 7217.811999999998]
[3.0, 2.0, 0.8, 0.0, 5720.706999999998, 12674.809]
[3.0, 2.0, 1.0, 0.0, 5807.5, 20806.0]
[3.0, 2.0, 0.0, 0.2, 4065.25, 8709.533000000014]
[3.0, 2.0, 0.2, 0.2, 4154.9439999999995, 6012.067999999999]
[3.0, 2.0, 0.4, 0.2, 4503.0070000000005, 4798.539]
[3.0, 2.0, 0.6000000000000001, 0.2, 5093.8960000000025, 5530.592999999998]
[3.0, 2.0, 0.8, 0.2, 5551.201, 8095.1299999999965]
[3.0, 2.0, 1.0, 0.2, 5721.939999999999, 13037.627000000004]
[3.0, 2.0, 0.0, 0.4, 4065.25, 8709.533000000014]
[3.0, 2.0, 0.2, 0.4, 4120.885, 6592.315999999996]
[3.0, 2.0, 0.4, 0.4, 4268.071000000001, 5155.487000000001]
[3.0, 2.0, 0.6000000000000001, 0.4, 4651.455999999997, 4786.265000000001]
[3.0, 2.0, 0.8, 0.4, 5081.392, 5580.524000000001]
[3.0, 2.0, 1.0, 0.4, 5457.432999999999, 7366.242999999997]
[3.0, 2.0, 0.0, 0.6000000000000001, 4065.25, 8709.533000000014]
[3.0, 2.0, 0.2, 0.6000000000000001, 4101.7779999999975, 7184.468000000001]
[3.0, 2.0, 0.4, 0.6000000000000001, 4152.7, 6054.718000000001]
[3.0, 2.0, 0.6000000000000001, 0.6000000000000001, 4281.898, 5154.055000000001]
[3.0, 2.0, 0.8, 0.6000000000000001, 4472.551, 4757.913]
[3.0, 2.0, 1.0, 0.6000000000000001, 4756.743999999999, 4872.015999999999]
[3.0, 2.0, 0.0, 0.8, 4065.25, 8709.533000000014]
[3.0, 2.0, 0.2, 0.8, 4080.367, 7979.138999999999]
[3.0, 2.0, 0.4, 0.8, 4100.517999999997, 7302.341999999999]
[3.0, 2.0, 0.6000000000000001, 0.8, 4121.827, 6591.529]
[3.0, 2.0, 0.8, 0.8, 4154.388999999999, 5980.847999999998]
[3.0, 2.0, 1.0, 0.8, 4211.466999999999, 5473.049000000003]
[3.0, 2.0, 0.0, 1.0, 4065.25, 8709.533000000014]
[3.0, 2.0, 0.2, 1.0, 4065.25, 8709.533000000014]
[3.0, 2.0, 0.4, 1.0, 4065.25, 8709.533000000014]
[3.0, 2.0, 0.6000000000000001, 1.0, 4065.25, 8709.533000000014]
[3.0, 2.0, 0.8, 1.0, 4065.25, 8709.533000000014]
[3.0, 2.0, 1.0, 1.0, 4065.25, 8709.533000000014]
[4.0, 1.0, 0.0, 0.0, 4065.25, 5797.4]
[4.0, 1.0, 0.2, 0.0, 4425.664000000001, 4566.067999999999]
[4.0, 1.0, 0.4, 0.0, 5170.153000000002, 8050.182000000001]
[4.0, 1.0, 0.6000000000000001, 0.0, 5586.375999999998, 16177.945]
[4.0, 1.0, 0.8, 0.0, 5730.402999999999, 28833.858000000007]
[4.0, 1.0, 1.0, 0.0, 5807.5, 46005.5]
[4.0, 1.0, 0.0, 0.2, 4065.25, 5797.4]
[4.0, 1.0, 0.2, 0.2, 4298.172999999998, 4475.606000000001]
[4.0, 1.0, 0.4, 0.2, 4874.044, 5958.528000000003]
[4.0, 1.0, 0.6000000000000001, 0.2, 5399.2840000000015, 10450.242999999999]
[4.0, 1.0, 0.8, 0.2, 5640.6460000000025, 18485.538999999993]
[4.0, 1.0, 1.0, 0.2, 5732.934999999999, 29927.941999999995]
[4.0, 1.0, 0.0, 0.4, 4065.25, 5797.4]
[4.0, 1.0, 0.2, 0.4, 4187.736999999999, 4572.214]
[4.0, 1.0, 0.4, 0.4, 4569.148, 4833.664000000001]
[4.0, 1.0, 0.6000000000000001, 0.4, 5053.339000000002, 6809.821999999999]
[4.0, 1.0, 0.8, 0.4, 5387.335, 10594.656000000003]
[4.0, 1.0, 1.0, 0.4, 5598.4929999999995, 16209.593000000008]
[4.0, 1.0, 0.0, 0.6000000000000001, 4065.25, 5797.4]
[4.0, 1.0, 0.2, 0.6000000000000001, 4124.872, 4895.388999999999]
[4.0, 1.0, 0.4, 0.6000000000000001, 4298.130999999999, 4460.691]
[4.0, 1.0, 0.6000000000000001, 0.6000000000000001, 4588.716999999999, 4928.713999999999]
[4.0, 1.0, 0.8, 0.6000000000000001, 4897.075000000001, 6019.423999999998]
[4.0, 1.0, 1.0, 0.6000000000000001, 5160.793000000001, 7664.433000000003]
[4.0, 1.0, 0.0, 0.8, 4065.25, 5797.4]
[4.0, 1.0, 0.2, 0.8, 4084.666, 5289.23]
[4.0, 1.0, 0.4, 0.8, 4118.514999999997, 4833.76]
[4.0, 1.0, 0.6000000000000001, 0.8, 4193.548, 4572.196999999997]
[4.0, 1.0, 0.8, 0.8, 4286.413, 4457.280000000001]
[4.0, 1.0, 1.0, 0.8, 4462.414000000001, 4547.983999999999]
[4.0, 1.0, 0.0, 1.0, 4065.25, 5797.4]
[4.0, 1.0, 0.2, 1.0, 4065.25, 5797.4]
[4.0, 1.0, 0.4, 1.0, 4065.25, 5797.4]
[4.0, 1.0, 0.6000000000000001, 1.0, 4065.25, 5797.4]
[4.0, 1.0, 0.8, 1.0, 4065.25, 5797.4]
[4.0, 1.0, 1.0, 1.0, 4065.25, 5797.4]
